234
229
229
229
229
226
216
209
209
209
209
209
209
209
206
206
206
206
206
206
206
206
206
206
206
206
206
206
206
206
206
206
206
206
206
206
206
206
206
206
206
206
205
205
205
205
205
205
205
205
205
205
205
205
205
205
205
205
205
205
205
205
205
205
205
205
205
205
205
205
205
205
205
205
205
205
205
205
205
205
205
205
205
205
203
203
203
203
203
203
203
203
203
203
203
203
202
202
202
202
202
202
202
202
202
202
202
202
202
202
202
202
202
202
202
202
202
202
202
202
202
202
202
202
202
202
199
199
199
199
199
199
199
199
199
199
199
199
199
199
199
199
199
199
199
199
199
199
199
199
199
199
199
199
199
199
199
199
197
197
197
197
197
197
197
197
197
197
197
197
197
197
197
197
197
197
197
197
197
197
197
197
197
196
196
196
196
196
196
196
196
196
196
196
196
196
196
196
196
196
196
196
196
196
196
196
196
196
196
196
196
196
196
196
196
196
196
196
196
196
196
196
196
196
196
196
196
196
196
196
196
196
196
196
196
196
196
196
196
196
196
196
196
196
196
196
196
196
196
196
196
196
196
196
196
196
196
196
196
196
196
196
196
196
196
196
196
196
196
196
196
196
196
196
196
196
196
196
196
196
196
196
196
196
196
196
196
196
196
196
196
196
196
196
196
196
196
196
196
196
196
194
194
194
194
194
194
194
194
194
194
192
192
192
192
192
192
192
192
192
192
192
192
192
192
192
192
192
192
192
192
192
192
192
192
192
192
192
192
192
192
192
192
192
192
192
192
192
192
192
192
192
192
192
192
192
192
192
192
192
192
192
192
192
192
192
192
192
192
192
192
192
192
192
192
192
192
192
192
192
192
192
192
192
192
192
192
192
192
192
192
192
192
192
192
192
192
192
192
192
