239
230
218
218
209
209
209
209
209
209
209
209
209
209
209
209
209
209
209
209
209
209
209
207
207
207
207
207
207
207
207
207
206
206
206
206
206
206
204
204
204
204
204
204
204
204
204
204
204
204
204
204
204
204
204
201
201
201
201
201
201
201
201
201
201
201
201
201
201
201
201
201
201
201
201
201
201
201
201
201
201
201
201
201
201
201
201
201
201
201
201
201
201
201
201
201
201
201
201
201
201
201
201
201
201
201
201
201
201
201
201
201
201
201
201
201
201
201
201
201
201
201
201
201
201
201
201
201
201
201
201
201
201
201
201
201
201
201
201
201
201
201
201
201
201
201
201
201
201
201
201
201
201
201
201
201
201
201
201
201
201
201
196
196
196
196
196
196
196
196
196
196
196
196
196
196
196
196
196
196
196
196
196
196
196
196
196
196
196
196
196
196
196
196
196
196
196
196
196
196
196
196
196
196
196
196
196
196
196
196
196
196
196
196
196
196
196
196
196
196
196
196
196
196
196
196
196
196
196
196
196
196
196
196
196
196
196
196
196
196
196
196
196
196
196
196
196
196
196
196
196
196
196
196
196
196
196
196
196
196
196
196
196
196
196
196
196
196
196
196
196
196
196
196
196
196
196
196
196
196
196
196
196
196
196
196
196
196
196
196
196
196
196
196
196
196
196
196
196
196
195
195
195
195
195
195
195
195
195
195
195
195
195
195
195
195
195
195
195
195
195
195
195
195
195
195
195
195
195
195
195
195
195
195
195
195
195
195
195
195
195
195
195
195
195
195
195
195
195
195
195
195
195
195
195
195
195
195
195
195
195
195
195
195
195
195
195
195
195
195
195
195
195
195
195
195
195
195
195
195
195
195
195
195
195
195
195
195
195
195
195
195
195
195
195
195
195
195
195
195
