 Min Bisection: 165 Mask: 485373906943
 Min Bisection: 163 Mask: 761686659071
 0 , 308 , 163
 1 , 308 , 163
 Min Bisection: 155 Mask: 429536874495
 Min Bisection: 154 Mask: 431684358111
 2 , 308 , 154
 3 , 308 , 154
 Min Bisection: 149 Mask: 950329182199
 4 , 309 , 149
 Min Bisection: 148 Mask: 520841388925
 5 , 309 , 148
 6 , 309 , 148
 7 , 309 , 148
 8 , 309 , 148
 9 , 309 , 148
 Min Bisection: 142 Mask: 1073744750574
 10 , 309 , 142
 11 , 309 , 142
 12 , 309 , 142
 13 , 309 , 142
 14 , 309 , 142
 15 , 309 , 142
 16 , 309 , 142
 17 , 309 , 142
 18 , 309 , 142
 19 , 309 , 142
 20 , 309 , 142
 21 , 309 , 142
 22 , 309 , 142
 23 , 309 , 142
 24 , 309 , 142
 25 , 309 , 142
 26 , 309 , 142
 27 , 309 , 142
 28 , 309 , 142
 29 , 309 , 142
 30 , 309 , 142
 31 , 309 , 142
 32 , 309 , 142
 33 , 309 , 142
 34 , 309 , 142
 35 , 309 , 142
 36 , 309 , 142
 37 , 309 , 142
 38 , 309 , 142
 39 , 309 , 142
 40 , 309 , 142
 41 , 309 , 142
 42 , 309 , 142
 43 , 309 , 142
 44 , 309 , 142
 45 , 309 , 142
 46 , 309 , 142
 47 , 309 , 142
 48 , 309 , 142
 49 , 309 , 142
 50 , 309 , 142
 51 , 309 , 142
 52 , 309 , 142
 53 , 309 , 142
 54 , 309 , 142
 55 , 309 , 142
 56 , 309 , 142
 57 , 309 , 142
 58 , 309 , 142
 59 , 309 , 142
 60 , 309 , 142
 61 , 309 , 142
 62 , 309 , 142
 63 , 309 , 142
 64 , 309 , 142
 65 , 309 , 142
 66 , 309 , 142
 67 , 309 , 142
 68 , 309 , 142
 69 , 309 , 142
 70 , 309 , 142
 71 , 310 , 142
 72 , 310 , 142
 73 , 310 , 142
 Min Bisection: 141 Mask: 726968201895
 74 , 310 , 141
 75 , 310 , 141
 76 , 310 , 141
 77 , 310 , 141
 78 , 310 , 141
 79 , 310 , 141
 80 , 310 , 141
 81 , 310 , 141
 82 , 310 , 141
 83 , 310 , 141
 84 , 310 , 141
 85 , 310 , 141
 86 , 310 , 141
 87 , 310 , 141
 88 , 310 , 141
 89 , 310 , 141
 90 , 310 , 141
 91 , 310 , 141
 92 , 310 , 141
 93 , 310 , 141
 94 , 310 , 141
 95 , 310 , 141
 96 , 310 , 141
 97 , 310 , 141
 98 , 310 , 141
 99 , 310 , 141
 100 , 310 , 141
 101 , 310 , 141
 102 , 310 , 141
 103 , 310 , 141
 104 , 310 , 141
 105 , 310 , 141
 106 , 310 , 141
 107 , 310 , 141
 108 , 310 , 141
 109 , 310 , 141
 110 , 310 , 141
 111 , 310 , 141
 112 , 310 , 141
 113 , 310 , 141
 114 , 310 , 141
 115 , 310 , 141
 116 , 310 , 141
 Min Bisection: 138 Mask: 996649886379
 117 , 310 , 138
 118 , 310 , 138
 119 , 310 , 138
 120 , 310 , 138
 121 , 310 , 138
 122 , 310 , 138
 123 , 310 , 138
 124 , 310 , 138
 125 , 310 , 138
 126 , 310 , 138
 127 , 310 , 138
 128 , 310 , 138
 129 , 310 , 138
 130 , 310 , 138
 131 , 310 , 138
 132 , 310 , 138
 133 , 310 , 138
 134 , 310 , 138
 135 , 310 , 138
 136 , 310 , 138
 137 , 310 , 138
 138 , 310 , 138
 139 , 310 , 138
 140 , 310 , 138
 141 , 310 , 138
 142 , 310 , 138
 143 , 310 , 138
 144 , 310 , 138
 145 , 310 , 138
 146 , 310 , 138
 147 , 310 , 138
 148 , 310 , 138
 149 , 310 , 138
 150 , 310 , 138
 151 , 310 , 138
 152 , 310 , 138
 153 , 310 , 138
 154 , 310 , 138
 155 , 310 , 138
 156 , 310 , 138
 157 , 310 , 138
 158 , 310 , 138
 159 , 310 , 138
 160 , 310 , 138
 161 , 310 , 138
 162 , 310 , 138
 163 , 310 , 138
 164 , 310 , 138
 165 , 310 , 138
 166 , 310 , 138
 Min Bisection: 137 Mask: 178143550338
 167 , 310 , 137
 168 , 310 , 137
 169 , 310 , 137
 170 , 310 , 137
 171 , 310 , 137
 172 , 310 , 137
 173 , 310 , 137
 174 , 310 , 137
 175 , 310 , 137
 176 , 310 , 137
 177 , 310 , 137
 178 , 310 , 137
 179 , 310 , 137
 180 , 310 , 137
 181 , 310 , 137
 182 , 310 , 137
 183 , 310 , 137
 184 , 310 , 137
 185 , 310 , 137
 186 , 310 , 137
 187 , 310 , 137
 188 , 310 , 137
 189 , 310 , 137
 190 , 310 , 137
 191 , 310 , 137
 192 , 310 , 137
 193 , 310 , 137
 194 , 310 , 137
 195 , 310 , 137
 196 , 310 , 137
 197 , 310 , 137
 198 , 310 , 137
 199 , 310 , 137
 200 , 310 , 137
 201 , 310 , 137
 202 , 310 , 137
 203 , 310 , 137
 204 , 310 , 137
 205 , 310 , 137
 206 , 310 , 137
 207 , 310 , 137
 208 , 310 , 137
 209 , 310 , 137
 210 , 310 , 137
 211 , 310 , 137
 212 , 310 , 137
 213 , 310 , 137
 214 , 310 , 137
 215 , 310 , 137
 216 , 310 , 137
 217 , 310 , 137
 218 , 310 , 137
 219 , 310 , 137
 220 , 310 , 137
 221 , 310 , 137
 222 , 310 , 137
 223 , 310 , 137
 224 , 310 , 137
 225 , 310 , 137
 226 , 310 , 137
 227 , 310 , 137
 228 , 310 , 137
 229 , 310 , 137
 230 , 310 , 137
 231 , 310 , 137
 232 , 310 , 137
 233 , 310 , 137
 234 , 310 , 137
 235 , 310 , 137
 236 , 310 , 137
 237 , 310 , 137
 238 , 310 , 137
 239 , 310 , 137
 240 , 310 , 137
 241 , 310 , 137
 242 , 310 , 137
 243 , 310 , 137
 244 , 310 , 137
 245 , 310 , 137
 246 , 310 , 137
 247 , 310 , 137
 248 , 310 , 137
 249 , 310 , 137
 250 , 310 , 137
 251 , 310 , 137
 252 , 310 , 137
 253 , 310 , 137
 254 , 310 , 137
 255 , 310 , 137
 256 , 310 , 137
 257 , 310 , 137
 258 , 310 , 137
 259 , 310 , 137
 260 , 310 , 137
 261 , 310 , 137
 262 , 310 , 137
 263 , 310 , 137
 264 , 310 , 137
 265 , 310 , 137
 266 , 310 , 137
 267 , 310 , 137
 268 , 310 , 137
 269 , 310 , 137
 270 , 310 , 137
 271 , 310 , 137
 272 , 310 , 137
 273 , 310 , 137
 274 , 310 , 137
 275 , 310 , 137
 276 , 310 , 137
 277 , 310 , 137
 278 , 310 , 137
 279 , 310 , 137
 280 , 310 , 137
 281 , 310 , 137
 282 , 310 , 137
 283 , 310 , 137
 284 , 310 , 137
 285 , 310 , 137
 286 , 310 , 137
 287 , 310 , 137
 288 , 310 , 137
 289 , 310 , 137
 290 , 310 , 137
 291 , 310 , 137
 292 , 310 , 137
 293 , 310 , 137
 294 , 310 , 137
 295 , 310 , 137
 296 , 310 , 137
 297 , 310 , 137
 298 , 310 , 137
 299 , 310 , 137
 300 , 310 , 137
 301 , 310 , 137
 302 , 310 , 137
 303 , 310 , 137
 304 , 310 , 137
 305 , 310 , 137
 306 , 310 , 137
 307 , 310 , 137
 308 , 310 , 137
 309 , 310 , 137
 310 , 310 , 137
 311 , 310 , 137
 312 , 310 , 137
 313 , 310 , 137
 314 , 310 , 137
 315 , 310 , 137
 316 , 310 , 137
 317 , 310 , 137
 318 , 310 , 137
 319 , 310 , 137
 320 , 310 , 137
 321 , 310 , 137
 322 , 310 , 137
 323 , 310 , 137
 324 , 310 , 137
 325 , 310 , 137
 326 , 310 , 137
 327 , 310 , 137
 328 , 310 , 137
 329 , 310 , 137
 330 , 310 , 137
 331 , 310 , 137
 332 , 310 , 137
 333 , 310 , 137
 334 , 310 , 137
 335 , 310 , 137
 336 , 310 , 137
 337 , 310 , 137
 Min Bisection: 133 Mask: 11808426883
 338 , 310 , 133
 339 , 310 , 133
 340 , 310 , 133
 341 , 310 , 133
 342 , 310 , 133
 343 , 310 , 133
 344 , 310 , 133
 345 , 310 , 133
 346 , 310 , 133
 347 , 310 , 133
 348 , 310 , 133
 349 , 310 , 133
 350 , 310 , 133
 351 , 310 , 133
 352 , 310 , 133
 353 , 310 , 133
 354 , 310 , 133
 355 , 310 , 133
 356 , 310 , 133
 357 , 310 , 133
 358 , 310 , 133
 359 , 310 , 133
 360 , 310 , 133
 361 , 310 , 133
 362 , 310 , 133
 363 , 310 , 133
 364 , 310 , 133
 365 , 310 , 133
 366 , 310 , 133
 367 , 310 , 133
 368 , 310 , 133
 369 , 310 , 133
 370 , 310 , 133
 371 , 310 , 133
 372 , 310 , 133
 373 , 310 , 133
 374 , 310 , 133
 375 , 310 , 133
 376 , 310 , 133
 377 , 310 , 133
 378 , 310 , 133
 379 , 310 , 133
 380 , 310 , 133
 381 , 310 , 133
 382 , 310 , 133
 383 , 310 , 133
 384 , 310 , 133
 385 , 310 , 133
 386 , 310 , 133
 387 , 310 , 133
 388 , 310 , 133
 389 , 310 , 133
 390 , 310 , 133
 391 , 310 , 133
 392 , 310 , 133
 393 , 310 , 133
 394 , 310 , 133
 395 , 310 , 133
 396 , 310 , 133
 397 , 310 , 133
 398 , 310 , 133
 399 , 310 , 133
 400 , 310 , 133
 401 , 310 , 133
 402 , 310 , 133
 403 , 310 , 133
 404 , 310 , 133
 405 , 310 , 133
 406 , 310 , 133
 407 , 310 , 133
 408 , 310 , 133
 409 , 310 , 133
 410 , 310 , 133
 411 , 310 , 133
 412 , 310 , 133
 413 , 310 , 133
 414 , 310 , 133
 415 , 310 , 133
 416 , 310 , 133
 417 , 310 , 133
 418 , 310 , 133
 419 , 310 , 133
 420 , 310 , 133
 421 , 310 , 133
 422 , 310 , 133
 423 , 310 , 133
 424 , 310 , 133
 425 , 310 , 133
 426 , 310 , 133
 427 , 310 , 133
 428 , 310 , 133
 429 , 310 , 133
 430 , 310 , 133
 431 , 310 , 133
 432 , 310 , 133
 433 , 310 , 133
 434 , 310 , 133
 435 , 310 , 133
 436 , 310 , 133
 437 , 310 , 133
 438 , 310 , 133
 439 , 310 , 133
 440 , 310 , 133
 441 , 310 , 133
 442 , 310 , 133
 443 , 310 , 133
 444 , 310 , 133
 445 , 310 , 133
 446 , 310 , 133
 447 , 310 , 133
 448 , 310 , 133
 449 , 310 , 133
 450 , 310 , 133
 451 , 310 , 133
 452 , 310 , 133
 453 , 310 , 133
 454 , 310 , 133
 455 , 310 , 133
 456 , 310 , 133
 457 , 310 , 133
 458 , 310 , 133
 459 , 310 , 133
 460 , 310 , 133
 461 , 310 , 133
 462 , 310 , 133
 463 , 310 , 133
 464 , 310 , 133
 465 , 310 , 133
 466 , 310 , 133
 467 , 310 , 133
 468 , 310 , 133
 469 , 310 , 133
 470 , 310 , 133
 471 , 310 , 133
 472 , 310 , 133
 473 , 310 , 133
 474 , 310 , 133
 475 , 310 , 133
 476 , 310 , 133
 477 , 310 , 133
 478 , 310 , 133
 479 , 310 , 133
 480 , 310 , 133
 481 , 310 , 133
 482 , 310 , 133
 483 , 310 , 133
 484 , 310 , 133
 485 , 310 , 133
 486 , 310 , 133
 487 , 310 , 133
 488 , 310 , 133
 489 , 310 , 133
 490 , 310 , 133
 491 , 310 , 133
 492 , 310 , 133
 493 , 310 , 133
 494 , 310 , 133
 495 , 310 , 133
 496 , 310 , 133
 497 , 310 , 133
 498 , 310 , 133
 499 , 310 , 133
 500 , 310 , 133
 501 , 310 , 133
 502 , 310 , 133
 503 , 310 , 133
 504 , 310 , 133
 505 , 310 , 133
 506 , 310 , 133
 507 , 310 , 133
 508 , 310 , 133
 509 , 310 , 133
 510 , 310 , 133
 511 , 310 , 133
 512 , 310 , 133
 513 , 310 , 133
 514 , 310 , 133
 515 , 310 , 133
 516 , 310 , 133
 517 , 310 , 133
 518 , 310 , 133
 519 , 310 , 133
 520 , 310 , 133
 521 , 310 , 133
 522 , 310 , 133
 523 , 310 , 133
 524 , 310 , 133
 525 , 310 , 133
 526 , 310 , 133
 527 , 310 , 133
 528 , 310 , 133
 529 , 310 , 133
 530 , 310 , 133
 531 , 310 , 133
 532 , 310 , 133
 533 , 310 , 133
 534 , 310 , 133
 535 , 310 , 133
 536 , 310 , 133
 537 , 310 , 133
 538 , 310 , 133
 539 , 310 , 133
 540 , 310 , 133
 541 , 310 , 133
 542 , 310 , 133
 543 , 310 , 133
 544 , 310 , 133
 545 , 310 , 133
 546 , 310 , 133
 547 , 310 , 133
 548 , 310 , 133
 549 , 310 , 133
 550 , 310 , 133
 551 , 310 , 133
 552 , 310 , 133
 553 , 310 , 133
 554 , 310 , 133
 555 , 310 , 133
 556 , 310 , 133
 557 , 310 , 133
 558 , 310 , 133
 559 , 310 , 133
 560 , 310 , 133
 561 , 310 , 133
 562 , 310 , 133
 563 , 310 , 133
 564 , 310 , 133
 565 , 310 , 133
 566 , 310 , 133
 567 , 310 , 133
 568 , 310 , 133
 569 , 310 , 133
 570 , 310 , 133
 571 , 310 , 133
 572 , 310 , 133
 573 , 310 , 133
 574 , 310 , 133
 575 , 310 , 133
 576 , 310 , 133
 577 , 310 , 133
 578 , 310 , 133
 579 , 310 , 133
 580 , 310 , 133
 581 , 310 , 133
 582 , 310 , 133
 583 , 310 , 133
 584 , 310 , 133
 585 , 310 , 133
 586 , 310 , 133
 587 , 310 , 133
 588 , 310 , 133
 589 , 310 , 133
 590 , 310 , 133
 591 , 310 , 133
 592 , 310 , 133
 593 , 310 , 133
 594 , 310 , 133
 595 , 310 , 133
 596 , 310 , 133
 597 , 310 , 133
 598 , 310 , 133
 599 , 310 , 133
 600 , 310 , 133
 601 , 310 , 133
 602 , 310 , 133
 603 , 310 , 133
 604 , 310 , 133
 605 , 310 , 133
 606 , 310 , 133
 607 , 310 , 133
 608 , 310 , 133
 609 , 310 , 133
 610 , 310 , 133
 611 , 310 , 133
 612 , 310 , 133
 613 , 310 , 133
 614 , 310 , 133
 615 , 310 , 133
 616 , 310 , 133
 617 , 310 , 133
 618 , 310 , 133
 619 , 310 , 133
 620 , 310 , 133
 621 , 310 , 133
 622 , 310 , 133
 623 , 310 , 133
 624 , 310 , 133
 625 , 310 , 133
 626 , 310 , 133
 627 , 310 , 133
 628 , 310 , 133
 629 , 310 , 133
 630 , 310 , 133
 631 , 310 , 133
 632 , 310 , 133
 633 , 310 , 133
 634 , 310 , 133
 635 , 310 , 133
 636 , 310 , 133
 637 , 310 , 133
 638 , 310 , 133
 639 , 310 , 133
 640 , 310 , 133
 641 , 310 , 133
 642 , 310 , 133
 643 , 310 , 133
 644 , 310 , 133
 645 , 310 , 133
 646 , 310 , 133
 647 , 310 , 133
 648 , 310 , 133
 649 , 310 , 133
 650 , 310 , 133
 651 , 310 , 133
 652 , 310 , 133
 653 , 310 , 133
 654 , 310 , 133
 655 , 310 , 133
 656 , 310 , 133
 657 , 310 , 133
 658 , 310 , 133
 659 , 310 , 133
 660 , 310 , 133
 661 , 310 , 133
 662 , 310 , 133
 663 , 310 , 133
 664 , 310 , 133
 665 , 310 , 133
 666 , 310 , 133
 667 , 310 , 133
 668 , 310 , 133
 669 , 310 , 133
 670 , 310 , 133
 671 , 310 , 133
 672 , 310 , 133
 673 , 310 , 133
 674 , 310 , 133
 675 , 310 , 133
 676 , 310 , 133
 677 , 310 , 133
 678 , 310 , 133
 679 , 310 , 133
 680 , 310 , 133
 681 , 310 , 133
 682 , 310 , 133
 683 , 310 , 133
 684 , 310 , 133
 685 , 310 , 133
 686 , 310 , 133
 687 , 310 , 133
 688 , 310 , 133
 689 , 310 , 133
 690 , 310 , 133
 691 , 310 , 133
 692 , 310 , 133
 693 , 310 , 133
 694 , 310 , 133
 695 , 310 , 133
 696 , 310 , 133
 697 , 310 , 133
 698 , 310 , 133
 699 , 310 , 133
 700 , 310 , 133
 701 , 310 , 133
 702 , 310 , 133
 703 , 310 , 133
 704 , 310 , 133
 705 , 310 , 133
 706 , 310 , 133
 707 , 310 , 133
 708 , 310 , 133
 709 , 310 , 133
 710 , 310 , 133
 711 , 310 , 133
 712 , 310 , 133
 713 , 310 , 133
 714 , 310 , 133
 715 , 310 , 133
 716 , 310 , 133
 717 , 310 , 133
 718 , 310 , 133
 719 , 310 , 133
 720 , 310 , 133
 721 , 310 , 133
 722 , 310 , 133
 723 , 310 , 133
 724 , 310 , 133
 725 , 310 , 133
 726 , 310 , 133
 727 , 310 , 133
 728 , 310 , 133
 729 , 310 , 133
 730 , 310 , 133
 731 , 310 , 133
 732 , 310 , 133
 733 , 310 , 133
 734 , 310 , 133
 735 , 310 , 133
 736 , 310 , 133
 737 , 310 , 133
 738 , 310 , 133
 739 , 310 , 133
 740 , 310 , 133
 741 , 310 , 133
 742 , 310 , 133
 743 , 310 , 133
 744 , 310 , 133
 745 , 310 , 133
 746 , 310 , 133
 747 , 310 , 133
 748 , 310 , 133
 749 , 310 , 133
 750 , 310 , 133
 751 , 310 , 133
 752 , 310 , 133
 753 , 310 , 133
 754 , 310 , 133
 755 , 310 , 133
 756 , 310 , 133
 757 , 310 , 133
 758 , 310 , 133
 759 , 310 , 133
 760 , 310 , 133
 761 , 310 , 133
 762 , 310 , 133
 763 , 310 , 133
 764 , 310 , 133
 765 , 310 , 133
 766 , 310 , 133
 767 , 310 , 133
 768 , 310 , 133
 769 , 310 , 133
 770 , 310 , 133
 771 , 310 , 133
 772 , 310 , 133
 773 , 310 , 133
 774 , 310 , 133
 775 , 310 , 133
 776 , 310 , 133
 777 , 310 , 133
 778 , 310 , 133
 779 , 310 , 133
 780 , 310 , 133
 781 , 310 , 133
 782 , 310 , 133
 783 , 310 , 133
 784 , 310 , 133
 785 , 310 , 133
 786 , 310 , 133
 787 , 310 , 133
 788 , 310 , 133
 789 , 310 , 133
 790 , 310 , 133
 791 , 310 , 133
 792 , 310 , 133
 793 , 310 , 133
 794 , 310 , 133
 795 , 310 , 133
 796 , 310 , 133
 797 , 310 , 133
 798 , 310 , 133
 799 , 310 , 133
 800 , 310 , 133
 801 , 310 , 133
 802 , 310 , 133
 803 , 310 , 133
 804 , 310 , 133
 805 , 310 , 133
 806 , 310 , 133
 807 , 310 , 133
 808 , 310 , 133
 809 , 310 , 133
 810 , 310 , 133
 811 , 310 , 133
 812 , 310 , 133
 813 , 310 , 133
 814 , 310 , 133
 815 , 310 , 133
 816 , 310 , 133
 817 , 310 , 133
 818 , 310 , 133
 819 , 310 , 133
 820 , 310 , 133
 821 , 310 , 133
 822 , 310 , 133
 823 , 310 , 133
 824 , 310 , 133
 825 , 310 , 133
 826 , 310 , 133
 827 , 310 , 133
 828 , 310 , 133
 829 , 310 , 133
 830 , 310 , 133
 831 , 310 , 133
 832 , 310 , 133
 833 , 310 , 133
 834 , 310 , 133
 835 , 310 , 133
 836 , 310 , 133
 837 , 310 , 133
 838 , 310 , 133
 839 , 310 , 133
 840 , 310 , 133
 841 , 310 , 133
 842 , 310 , 133
 843 , 310 , 133
 844 , 310 , 133
 845 , 310 , 133
 846 , 310 , 133
 847 , 310 , 133
 848 , 310 , 133
 849 , 310 , 133
 850 , 310 , 133
 851 , 310 , 133
 852 , 310 , 133
 853 , 310 , 133
 854 , 310 , 133
 855 , 310 , 133
 856 , 310 , 133
 857 , 310 , 133
 858 , 310 , 133
 859 , 310 , 133
 860 , 310 , 133
 861 , 310 , 133
 862 , 310 , 133
 863 , 310 , 133
 864 , 310 , 133
 865 , 310 , 133
 866 , 310 , 133
 867 , 310 , 133
 868 , 310 , 133
 869 , 310 , 133
 870 , 310 , 133
 871 , 310 , 133
 872 , 310 , 133
 873 , 310 , 133
 874 , 310 , 133
 875 , 310 , 133
 876 , 310 , 133
 877 , 310 , 133
 878 , 310 , 133
 879 , 310 , 133
 880 , 310 , 133
 881 , 310 , 133
 882 , 310 , 133
 883 , 310 , 133
 884 , 310 , 133
 885 , 310 , 133
 886 , 310 , 133
 887 , 310 , 133
 888 , 310 , 133
 889 , 310 , 133
 890 , 310 , 133
 891 , 310 , 133
 892 , 310 , 133
 893 , 310 , 133
 894 , 310 , 133
 895 , 310 , 133
 896 , 310 , 133
 897 , 310 , 133
 898 , 310 , 133
 899 , 310 , 133
 900 , 310 , 133
 901 , 310 , 133
 902 , 310 , 133
 903 , 310 , 133
 904 , 310 , 133
 905 , 310 , 133
 906 , 310 , 133
 907 , 310 , 133
 908 , 310 , 133
 909 , 310 , 133
 910 , 310 , 133
 911 , 310 , 133
 912 , 310 , 133
 913 , 310 , 133
 914 , 310 , 133
 915 , 310 , 133
 916 , 310 , 133
 917 , 310 , 133
 918 , 310 , 133
 919 , 310 , 133
 920 , 310 , 133
 921 , 310 , 133
 922 , 310 , 133
 923 , 310 , 133
 924 , 310 , 133
 925 , 310 , 133
 926 , 310 , 133
 927 , 310 , 133
 928 , 310 , 133
 929 , 310 , 133
 930 , 310 , 133
 931 , 310 , 133
 932 , 310 , 133
 933 , 310 , 133
 934 , 310 , 133
 935 , 310 , 133
 936 , 310 , 133
 937 , 310 , 133
 938 , 310 , 133
 939 , 310 , 133
 940 , 310 , 133
 941 , 310 , 133
 942 , 310 , 133
 943 , 310 , 133
 944 , 310 , 133
 945 , 310 , 133
 946 , 310 , 133
 947 , 310 , 133
 948 , 310 , 133
 949 , 310 , 133
 950 , 310 , 133
 951 , 310 , 133
 952 , 310 , 133
 953 , 310 , 133
 954 , 310 , 133
 955 , 310 , 133
 956 , 310 , 133
 957 , 310 , 133
 958 , 310 , 133
 959 , 310 , 133
 960 , 310 , 133
 961 , 310 , 133
 962 , 310 , 133
 963 , 310 , 133
 964 , 310 , 133
 965 , 310 , 133
 966 , 310 , 133
 967 , 310 , 133
 968 , 310 , 133
 969 , 310 , 133
 970 , 310 , 133
 971 , 310 , 133
 972 , 310 , 133
 973 , 310 , 133
 974 , 310 , 133
 975 , 310 , 133
 976 , 310 , 133
 977 , 310 , 133
 978 , 310 , 133
 979 , 310 , 133
 980 , 310 , 133
 981 , 310 , 133
 982 , 310 , 133
 983 , 310 , 133
 984 , 310 , 133
 985 , 310 , 133
 986 , 310 , 133
 987 , 310 , 133
 988 , 310 , 133
 989 , 310 , 133
 990 , 310 , 133
 991 , 310 , 133
 992 , 310 , 133
 993 , 310 , 133
 994 , 310 , 133
 995 , 310 , 133
 996 , 310 , 133
 997 , 310 , 133
 998 , 310 , 133
 999 , 310 , 133
