306 
5 
145 
257 
64 
244 
401 
229 
320 
155 
160 
403 
368 
362 
276 
70 
134 
391 
87 
7 
407 
221 
269 
467 
158 
363 
44 
190 
27 
485 
72 
79 
413 
28 
288 
69 
275 
400 
416 
17 
102 
110 
42 
133 
211 
393 
385 
344 
370 
419 
61 
364 
63 
167 
299 
8 
22 
293 
148 
312 
58 
236 
99 
261 
182 
18 
259 
452 
66 
200 
116 
434 
263 
336 
55 
169 
409 
423 
196 
141 
440 
19 
273 
386 
176 
59 
122 
146 
280 
36 
41 
202 
40 
62 
426 
265 
256 
126 
199 
109 
458 
315 
450 
156 
289 
193 
478 
294 
305 
227 
95 
11 
30 
216 
272 
266 
37 
208 
46 
96 
112 
486 
0 
473 
290 
84 
1 
111 
282 
420 
264 
166 
225 
387 
437 
67 
460 
334 
465 
291 
209 
97 
302 
226 
97 
369 
233 
35 
298 
212 
252 
181 
198 
25 
371 
461 
161 
292 
496 
500 
224 
330 
324 
230 
357 
137 
82 
321 
12 
242 
350 
210 
234 
307 
417 
348 
469 
346 
435 
43 
80 
492 
366 
172 
38 
48 
439 
86 
152 
258 
448 
454 
340 
171 
50 
442 
355 
206 
57 
153 
278 
127 
507 
151 
23 
174 
303 
326 
54 
325 
474 
270 
2 
351 
77 
20 
150 
183 
424 
34 
431 
331 
139 
484 
332 
497 
497 
185 
296 
378 
187 
510 
412 
499 
501 
115 
503 
361 
453 
192 
235 
24 
32 
47 
311 
281 
429 
425 
194 
297 
248 
159 
405 
384 
483 
100 
81 
74 
243 
184 
231 
164 
284 
76 
108 
472 
339 
410 
241 
255 
85 
489 
443 
15 
88 
335 
120 
279 
398 
377 
310 
373 
228 
16 
78 
238 
240 
314 
286 
438 
404 
372 
319 
132 
487 
365 
29 
52 
300 
491 
339 
45 
285 
177 
504 
428 
119 
220 
93 
482 
68 
463 
379 
456 
301 
218 
493 
201 
219 
71 
274 
10 
375 
408 
479 
367 
114 
3 
94 
374 
399 
342 
191 
430 
131 
361 
33 
390 
140 
175 
222 
247 
295 
165 
497 
204 
345 
338 
414 
271 
251 
245 
189 
396 
253 
223 
124 
173 
463 
462 
303 
470 
135 
427 
327 
287 
117 
422 
48 
217 
441 
118 
466 
494 
154 
163 
418 
129 
495 
215 
254 
246 
380 
394 
197 
128 
92 
89 
162 
107 
323 
415 
313 
468 
2 
213 
123 
143 
475 
345 
195 
53 
170 
60 
203 
157 
232 
388 
477 
237 
56 
445 
342 
329 
392 
352 
138 
397 
130 
328 
239 
90 
268 
480 
136 
179 
220 
304 
91 
457 
104 
31 
13 
308 
14 
51 
101 
149 
343 
341 
168 
481 
283 
347 
459 
73 
121 
406 
341 
376 
337 
421 
502 
455 
509 
309 
214 
205 
9 
75 
103 
26 
125 
317 
333 
436 
358 
98 
39 
83 
353 
316 
318 
432 
180 
21 
128 
444 
6 
260 
106 
142 
262 
464 
267 
505 
277 
354 
105 
33 
65 
506 
49 
356 
149 
446 
360 
207 
4 
433 
144 
498 
73 
322 
349 
249 
178 
203 
449 
402 
451 
147 
