Gen	Fitness	BiSection Cost
0	308	155
1	308	155
2	308	155
3	309	154
4	309	150
5	309	150
6	310	150
7	310	142
8	310	142
9	310	142
10	310	142
11	310	142
12	310	142
13	310	135
14	310	135
15	310	135
16	310	135
17	310	135
18	310	135
19	310	135
20	310	135
21	310	135
22	310	135
23	310	135
24	310	135
25	310	135
26	310	135
27	310	135
28	310	135
29	310	135
30	310	135
31	310	135
32	310	135
33	310	135
34	310	135
35	310	135
36	310	135
37	310	135
38	310	135
39	310	135
40	310	135
41	310	135
42	310	135
43	310	135
44	310	135
45	310	135
46	310	135
47	310	135
48	310	135
49	310	135
50	310	135
51	310	135
52	310	135
53	310	135
54	310	135
55	310	135
56	310	135
57	310	135
58	310	135
59	310	135
60	310	135
61	310	135
62	310	135
63	310	135
64	310	135
65	310	135
66	310	135
67	310	135
68	310	135
69	310	135
70	310	135
71	310	135
72	310	135
73	310	135
74	310	135
75	310	135
76	310	135
77	310	135
78	310	135
79	310	135
80	310	135
81	310	135
82	310	135
83	310	135
84	310	135
85	310	135
86	310	135
87	310	135
88	310	135
89	310	135
90	310	135
91	310	135
92	310	135
93	310	135
94	310	135
95	310	135
96	310	135
97	310	135
98	310	135
99	310	135
100	310	135
101	310	135
102	310	135
103	310	135
104	310	135
105	310	135
106	310	135
107	310	135
108	310	135
109	310	135
110	310	135
111	310	135
112	310	135
113	310	135
114	310	135
115	310	135
116	310	135
117	310	135
118	310	135
119	310	135
120	310	135
121	310	135
122	310	135
123	310	135
124	310	135
125	310	135
126	310	135
127	310	135
128	310	135
129	310	135
130	310	135
131	310	135
132	310	135
133	310	135
134	310	135
135	310	135
136	310	135
137	310	135
138	310	135
139	310	135
140	310	135
141	310	135
142	310	135
143	310	135
144	310	135
145	310	135
146	310	135
147	310	135
148	310	135
149	310	135
150	310	135
151	310	135
152	310	133
153	310	133
154	310	133
155	310	133
156	310	133
157	310	133
158	310	133
159	310	133
160	310	133
161	310	133
162	310	133
163	310	133
164	310	133
165	310	133
166	310	133
167	310	133
168	310	133
169	310	133
170	310	133
171	310	133
172	310	133
173	310	133
174	310	133
175	310	133
176	310	133
177	310	133
178	310	133
179	310	133
180	310	133
181	310	133
182	310	133
183	310	133
184	310	133
185	310	133
186	310	133
187	310	133
188	310	133
189	310	133
190	310	133
191	310	133
192	310	133
193	310	133
194	310	133
195	310	133
196	310	133
197	310	133
198	310	133
199	310	133
200	310	133
201	310	133
202	310	133
203	310	133
204	310	133
205	310	133
206	310	133
207	310	133
208	310	133
209	310	133
210	310	133
211	310	133
212	310	133
213	310	133
214	310	133
215	310	133
216	310	133
217	310	133
218	310	133
219	310	133
220	310	133
221	310	133
222	310	133
223	310	133
224	310	133
225	310	133
226	310	133
227	310	133
228	310	133
229	310	133
230	310	133
231	310	133
232	310	133
233	310	133
234	310	133
235	310	133
236	310	133
237	310	133
238	310	133
239	310	133
240	310	133
241	310	133
242	310	133
243	310	133
244	310	133
245	310	133
246	310	133
247	310	133
248	310	133
249	310	133
250	310	133
251	310	133
252	310	133
253	310	133
254	310	133
255	310	133
256	310	133
257	310	133
258	310	133
259	310	133
260	310	133
261	310	133
262	310	133
263	310	133
264	310	133
265	310	133
266	310	133
267	310	133
268	310	133
269	310	133
270	310	133
271	310	133
272	310	133
273	310	133
274	310	133
275	310	133
276	310	133
277	310	133
278	310	133
279	310	133
280	310	133
281	310	133
282	310	133
283	310	133
284	310	133
285	310	133
286	310	133
287	310	133
288	310	133
289	310	133
290	310	133
291	310	133
292	310	133
293	310	133
294	310	133
295	310	133
296	310	133
297	310	133
298	310	133
299	310	133
300	310	133
301	310	133
302	310	133
303	310	133
304	310	133
305	310	133
306	310	133
307	310	133
308	310	133
309	310	133
310	310	133
311	310	133
312	310	133
313	310	133
314	310	133
315	310	133
316	310	133
317	310	133
318	310	133
319	310	133
320	310	133
321	310	133
322	310	133
323	310	133
324	310	133
325	310	133
326	310	133
327	310	133
328	310	133
329	310	133
330	310	133
331	310	133
332	310	133
333	310	133
334	310	133
335	310	133
336	310	133
337	310	133
338	310	133
339	310	133
340	310	133
341	310	133
342	310	133
343	310	133
344	310	133
345	310	133
346	310	133
347	310	133
348	310	133
349	310	133
350	310	133
351	310	133
352	310	133
353	310	133
354	310	133
355	310	133
356	310	133
357	310	133
358	310	133
359	310	133
360	310	133
361	310	133
362	310	133
363	310	133
364	310	133
365	310	133
366	310	133
367	310	133
368	310	133
369	310	133
370	310	133
371	310	133
372	310	133
373	310	133
374	310	133
375	310	133
376	310	133
377	310	133
378	310	133
379	310	133
380	310	133
381	310	133
382	310	133
383	310	133
384	310	133
385	310	133
386	310	133
387	310	133
388	310	133
389	310	133
390	310	133
391	310	133
392	310	133
393	310	133
394	310	133
395	310	133
396	310	133
397	310	133
398	310	133
399	310	133
400	310	133
401	310	133
402	310	133
403	310	133
404	310	133
405	310	133
406	310	133
407	310	133
408	310	133
409	310	133
410	310	133
411	310	133
412	310	133
413	310	133
414	310	133
415	310	133
416	310	133
417	310	133
418	310	133
419	310	133
420	310	133
421	310	133
422	310	133
423	310	133
424	310	133
425	310	133
426	310	133
427	310	133
428	310	133
429	310	133
430	310	133
431	310	133
432	310	133
433	310	133
434	310	133
435	310	133
436	310	133
437	310	133
438	310	133
439	310	133
440	310	133
441	310	133
442	310	133
443	310	133
444	310	133
445	310	133
446	310	133
447	310	133
448	310	133
449	310	133
450	310	133
451	310	133
452	310	133
453	310	133
454	310	133
455	310	133
456	310	133
457	310	133
458	310	133
459	310	133
460	310	133
461	310	133
462	310	133
463	310	133
464	310	133
465	311	133
466	311	126
467	311	126
468	311	126
469	311	126
470	311	126
471	311	126
472	311	126
473	311	126
474	311	126
475	311	126
476	311	126
477	311	126
478	311	126
479	311	126
480	311	126
481	311	126
482	311	126
483	311	126
484	311	126
485	311	126
486	311	126
487	311	126
488	311	126
489	311	126
490	311	126
491	311	126
492	311	126
493	311	126
494	311	126
495	311	126
496	311	126
497	311	126
498	311	126
499	311	126
500	311	126
501	311	126
502	311	126
503	311	126
504	311	126
505	311	126
506	311	126
507	311	126
508	311	126
509	311	126
510	311	126
511	311	126
512	311	126
513	311	126
514	311	126
515	311	126
516	311	126
517	311	126
518	311	126
519	311	126
520	311	126
521	311	126
522	311	126
523	311	126
524	311	126
525	311	126
526	311	126
527	311	126
528	311	126
529	311	126
530	311	126
531	311	126
532	311	126
533	311	126
534	311	126
535	311	126
536	311	126
537	311	126
538	311	126
539	311	126
540	311	126
541	311	126
542	311	126
543	311	126
544	311	126
545	311	126
546	311	126
547	311	126
548	311	126
549	311	126
550	311	126
551	311	126
552	311	126
553	311	126
554	311	126
555	311	126
556	311	126
557	311	126
558	311	126
559	311	126
560	311	126
561	311	126
562	311	126
563	311	126
564	311	126
565	311	126
566	311	126
567	311	126
568	311	126
569	311	126
570	311	126
571	311	126
572	311	126
573	311	126
574	311	126
575	311	126
576	311	126
577	311	126
578	311	126
579	311	126
580	311	126
581	311	126
582	311	126
583	311	126
584	311	126
585	311	126
586	311	126
587	311	126
588	311	126
589	311	126
590	311	126
591	311	126
592	311	126
593	311	126
594	311	126
595	311	126
596	311	126
597	311	126
598	311	126
599	311	126
600	311	126
601	311	126
602	311	126
603	311	126
604	311	126
605	311	126
606	311	126
607	311	126
608	311	126
609	311	126
610	311	126
611	311	126
612	311	126
613	311	126
614	311	126
615	311	126
616	311	126
617	311	126
618	311	126
619	311	126
620	311	126
621	311	126
622	311	126
623	311	126
624	311	126
625	311	126
626	311	126
627	311	126
628	311	126
629	311	126
630	311	126
631	311	126
632	311	126
633	311	126
634	311	126
635	311	126
636	311	126
637	311	126
638	311	126
639	311	126
640	311	126
641	311	126
642	311	126
643	311	126
644	311	126
645	311	126
646	311	126
647	311	126
648	311	126
649	311	126
650	311	126
651	311	126
652	311	126
653	311	126
654	311	126
655	311	126
656	311	126
657	311	126
658	311	126
659	311	126
660	311	126
661	311	126
662	311	126
663	311	126
664	311	126
665	311	126
666	311	126
667	311	126
668	311	126
669	311	126
670	311	126
671	311	126
672	311	126
673	311	126
674	311	126
675	311	126
676	311	126
677	311	126
678	311	126
679	311	126
680	311	126
681	311	126
682	311	126
683	311	126
684	311	126
685	311	126
686	311	126
687	311	126
688	311	126
689	311	126
690	311	126
691	311	126
692	311	126
693	311	126
694	311	126
695	311	126
696	311	126
697	311	126
698	311	126
699	311	126
700	311	126
701	311	126
702	311	126
703	311	126
704	311	126
705	311	126
706	311	126
707	311	126
708	311	126
709	311	126
710	311	126
711	311	126
712	311	126
713	311	126
714	311	126
715	311	126
716	311	126
717	311	126
718	311	126
719	311	126
720	311	126
721	311	126
722	311	126
723	311	126
724	311	126
725	311	126
726	311	126
727	311	126
728	311	126
729	311	126
730	311	126
731	311	126
732	311	126
733	311	126
734	311	126
735	311	126
736	311	126
737	311	126
738	311	126
739	311	126
740	311	126
741	311	126
742	311	126
743	311	126
744	311	126
745	311	126
746	311	126
747	311	126
748	311	126
749	311	126
750	311	126
751	311	126
752	311	126
753	311	126
754	311	126
755	311	126
756	311	126
757	311	126
758	311	126
759	311	126
760	311	126
761	311	126
762	311	126
763	311	126
764	311	126
765	311	126
766	311	126
767	311	126
768	311	126
769	311	126
770	311	126
771	311	126
772	311	126
773	311	126
774	311	126
775	311	126
776	311	126
777	311	126
778	311	126
779	311	126
780	311	126
781	311	126
782	311	126
783	311	126
784	311	126
785	311	126
786	311	126
787	311	126
788	311	126
789	311	126
790	311	126
791	311	126
792	311	126
793	311	126
794	311	126
795	311	126
796	311	126
797	311	126
798	311	126
799	311	126
800	311	126
801	311	126
802	311	126
803	311	126
804	311	126
805	311	126
806	311	126
807	311	126
808	311	126
809	311	126
810	311	126
811	311	126
812	311	126
813	311	126
814	311	126
815	311	126
816	311	126
817	311	126
818	311	126
819	311	126
820	311	126
821	311	126
822	311	126
823	311	126
824	311	126
825	311	126
826	311	126
827	311	126
828	311	126
829	311	126
830	311	126
831	311	126
832	311	126
833	311	126
834	311	126
835	311	126
836	311	126
837	311	126
838	311	126
839	311	126
840	311	126
841	311	126
842	311	126
843	311	126
844	311	126
845	311	126
846	311	126
847	311	126
848	311	126
849	311	126
850	311	126
851	311	126
852	311	126
853	311	126
854	311	126
855	311	126
856	311	126
857	311	126
858	311	126
859	311	126
860	311	126
861	311	126
862	311	126
863	311	126
864	311	126
865	311	126
866	311	126
867	311	126
868	311	126
869	311	126
870	311	126
871	311	126
872	311	126
873	311	126
874	311	126
875	311	126
876	311	126
877	311	126
878	311	126
879	311	126
880	311	126
881	311	126
882	311	126
883	311	126
884	311	126
885	311	126
886	311	126
887	311	126
888	311	126
889	311	126
890	311	126
891	311	126
892	311	126
893	311	126
894	311	126
895	311	126
896	311	126
897	311	126
898	311	126
899	311	126
900	311	126
901	311	126
902	311	126
903	311	126
904	311	126
905	311	126
906	311	126
907	311	126
908	311	126
909	311	126
910	311	126
911	311	126
912	311	126
913	311	126
914	311	126
915	311	126
916	311	126
917	311	126
918	311	126
919	311	126
920	311	126
921	311	126
922	311	126
923	311	126
924	311	126
925	311	126
926	311	126
927	311	126
928	311	126
929	311	126
930	311	126
931	311	126
932	311	126
933	311	126
934	311	126
935	311	126
936	311	126
937	311	126
938	311	126
939	311	126
940	311	126
941	311	126
942	311	126
943	311	126
944	311	126
945	311	126
946	311	126
947	311	126
948	311	126
949	311	126
950	311	126
951	311	126
952	311	126
953	311	126
954	311	126
955	311	126
956	311	126
957	311	126
958	311	126
959	311	126
960	311	126
961	311	126
962	311	126
963	311	126
964	311	126
965	311	126
966	311	126
967	311	126
968	311	126
969	311	126
970	311	126
971	311	126
972	311	126
973	311	126
974	311	126
975	311	126
976	311	126
977	311	126
978	311	126
979	311	126
980	311	126
981	311	126
982	311	126
983	311	126
984	311	126
985	311	126
986	311	126
987	311	126
988	311	126
989	311	126
990	311	126
991	311	126
992	311	126
993	311	126
994	311	126
995	311	126
996	311	126
997	311	126
998	311	126
999	311	126
