1 2
1 12
1 15
1 17
1 23
1 24
1 27
1 35
1 37
1 38
2 3
2 7
2 8
2 9
2 10
2 15
2 17
2 19
2 20
2 23
2 24
2 25
2 26
2 28
2 30
2 34
2 36
2 38
2 39
2 40
3 6
3 7
3 12
3 14
3 16
3 20
3 22
3 23
3 25
3 27
3 29
3 31
3 34
3 36
3 37
3 38
3 39
3 40
4 6
4 10
4 17
4 23
4 25
4 27
4 34
4 39
5 6
5 7
5 14
5 17
5 26
5 27
5 34
5 35
5 37
5 39
6 7
6 10
6 11
6 13
6 15
6 20
6 22
6 24
6 27
6 28
6 32
6 33
6 34
6 36
6 37
6 39
6 40
7 11
7 13
7 14
7 15
7 16
7 17
7 20
7 24
7 25
7 27
7 29
7 31
7 32
7 33
7 34
7 35
7 36
7 37
7 39
7 40
8 9
8 10
8 11
8 12
8 14
8 15
8 18
8 22
8 23
8 27
8 28
8 29
8 30
8 31
8 32
8 33
8 35
8 37
8 38
8 39
9 10
9 12
9 15
9 22
9 23
9 24
9 26
9 27
9 30
9 33
9 34
10 11
10 14
10 19
10 22
10 23
10 25
10 26
10 29
10 31
10 36
10 37
10 38
10 40
11 17
11 20
11 25
11 33
11 34
11 35
11 37
11 38
12 13
12 18
12 19
12 20
12 21
12 22
12 25
12 26
12 29
12 30
12 32
12 33
12 38
12 40
13 14
13 15
13 17
13 20
13 22
13 23
13 24
13 26
13 27
13 30
13 37
13 38
14 15
14 19
14 20
14 21
14 22
14 23
14 32
14 33
14 38
14 40
15 18
15 19
15 20
15 21
15 22
15 23
15 24
15 27
15 28
15 30
15 32
15 34
15 36
15 39
16 22
16 30
16 34
16 35
16 39
17 18
17 20
17 21
17 23
17 24
17 25
17 28
17 29
17 30
17 31
17 33
17 34
17 35
17 37
17 40
18 20
18 22
18 23
18 24
18 26
18 35
18 38
19 20
19 22
19 24
19 27
19 34
19 38
20 22
20 28
20 30
20 31
20 33
20 34
20 36
20 37
20 38
20 40
21 23
21 24
21 27
21 30
21 33
21 34
21 37
21 39
22 26
22 32
22 36
22 39
22 40
23 27
23 29
23 34
23 35
23 39
24 27
24 28
24 29
24 30
24 32
24 36
24 37
24 38
24 40
25 27
25 29
25 30
25 32
25 34
25 35
26 31
26 33
26 34
26 35
26 39
27 29
27 32
27 33
27 36
27 37
27 39
28 34
28 35
29 30
29 33
29 34
29 35
29 37
30 31
30 33
30 34
30 35
30 40
31 33
31 37
31 38
32 33
32 34
32 39
33 35
33 36
33 38
35 36
35 38
35 39
35 40
36 37
36 38
37 39
37 40
38 39
38 40