Generation: 0
0.88686 0.995048
0.994047 0.970195
0.997563 0.943486

Generation: 1
0.844043 0.995155
0.878434 0.994186
0.958384 0.884063
0.877824 0.994223
0.996872 0.871779
0.732266 0.99566
Generation: 2
0.980627 0.713433
0.984713 0.437912
0.765614 0.956086
0.562246 0.987864
0.58445 0.987053
0.88185 0.912316
0.872992 0.93957
Generation: 3
0.752517 0.946975
0.731764 0.947636
0.966422 0.635593
0.859978 0.750204
0.982725 0.444455
0.403075 0.963117
0.984417 0.439489
0.698068 0.960566
0.984612 0.437903
Generation: 4
0.417259 0.961557
0.907455 0.573838
0.9544 0.422482
0.928684 0.538279
0.403075 0.963117
0.739166 0.892428
0.692929 0.900448
0.783736 0.887803
0.470311 0.927639
0.44197 0.955314
0.331131 0.964802
0.796446 0.735637
0.987435 0.421078
Generation: 5
0.666082 0.900937
0.403418 0.963938
0.635051 0.923738
0.689335 0.879927
0.387938 0.970404
0.916914 0.455221
0.403352 0.969553
0.954418 0.4232
0.421105 0.940088
0.907722 0.569754
0.959502 0.407764
0.407108 0.949364
0.88376 0.576487
Generation: 6
0.329499 0.976002
0.88376 0.576487
0.914273 0.451933
0.9126 0.47253
0.867891 0.70103
0.878545 0.57993
0.656556 0.852269
0.961235 0.405542
0.394472 0.970015
0.86421 0.797014
0.927352 0.430744
0.959502 0.407764
0.703113 0.814023
0.396956 0.962917
0.406702 0.961365
0.493979 0.899446
0.425448 0.922163
Generation: 7
0.951663 0.407254
0.3372 0.976828
0.831319 0.699793
0.430988 0.960897
0.453559 0.945475
0.834062 0.5733
0.884346 0.521607
0.726304 0.77704
0.966745 0.394279
0.902259 0.482252
0.441433 0.947683
0.370866 0.961678
0.957123 0.397876
Generation: 8
0.896455 0.499819
0.715139 0.725472
0.435557 0.905718
0.651916 0.88449
0.814733 0.613127
0.7989 0.664077
0.365357 0.97033
0.367937 0.960646
0.674487 0.801004
0.91075 0.472536
0.964898 0.378029
0.951588 0.407552
0.348593 0.971983
0.402465 0.96027
0.890434 0.601396
0.501906 0.895689
Generation: 9
0.45693 0.901314
0.432933 0.90635
0.627429 0.788436
0.821788 0.613789
0.79907 0.663313
0.677704 0.742457
0.365422 0.960435
0.419973 0.953215
0.910853 0.438783
0.353641 0.961282
0.307246 0.971183
0.881157 0.496901
0.656278 0.788142
0.897127 0.491961
0.957343 0.380796
0.951371 0.40827
0.42563 0.908212
0.434918 0.905874
0.438731 0.904186
0.784184 0.667273
Generation: 10
0.805945 0.629095
0.897477 0.490485
0.636259 0.811627
0.798522 0.696771
0.458027 0.827762
0.434958 0.905864
0.438732 0.90419
0.44744 0.900849
0.939453 0.382767
0.343254 0.966668
0.897127 0.491961
0.681708 0.730184
0.425183 0.908397
0.878537 0.515458
0.438346 0.904765
0.347143 0.959274
Generation: 11
0.945215 0.21322
0.897477 0.490485
0.458027 0.827762
0.597528 0.739195
0.928478 0.467445
0.458027 0.827762
0.78553 0.595351
0.6868 0.706042
0.404713 0.883419
0.93631 0.389161
0.270114 0.973331
0.939727 0.382138
0.937288 0.388418
Generation: 12
0.581574 0.768195
0.785916 0.581967
0.629142 0.744206
0.462974 0.824616
0.939763 0.382188
0.632776 0.728043
0.246212 0.951469
0.238336 0.980472
0.711611 0.696779
0.457615 0.827404
0.329374 0.938067
0.445345 0.838643
0.807981 0.542092
0.783954 0.692406
0.885148 0.405618
0.699587 0.702525
0.458347 0.825944
Generation: 13
0.251021 0.949618
0.438222 0.835269
0.582859 0.767468
0.931158 0.325429
0.464659 0.823843
0.807981 0.542092
0.405921 0.855378
0.774931 0.664452
0.566815 0.772696
0.457513 0.828006
0.580819 0.768447
0.78201 0.615985
0.316765 0.931462
0.766086 0.670255
0.45986 0.826453
0.46298 0.824858
0.922682 0.456244
0.636219 0.721321
0.88933 0.497838
0.950982 0.217936
0.629142 0.744206
0.782036 0.564741
0.628369 0.744369
0.725581 0.686865
Generation: 14
0.782553 0.564121
0.638902 0.731187
0.743569 0.677751
0.950982 0.217936
0.947049 0.235176
0.429603 0.849991
0.906207 0.425844
0.455651 0.829636
0.785891 0.556422
0.503212 0.770059
0.587222 0.756831
0.676822 0.728301
0.389458 0.910309
0.466523 0.822262
0.939717 0.2889
0.395987 0.872384
Generation: 15
0.394721 0.854622
0.622623 0.7138
0.656601 0.707102
0.934718 0.356866
0.572321 0.774664
0.766188 0.571562
0.359241 0.937823
0.587617 0.745727
0.808286 0.528304
0.325997 0.946076
0.443007 0.844672
0.586505 0.745887
0.462654 0.813656
0.568466 0.801769
0.728553 0.600552
Generation: 16
0.550381 0.796985
0.622399 0.713902
0.714822 0.649466
0.452823 0.826449
0.587109 0.744859
0.383189 0.856797
0.364436 0.918835
0.404543 0.847782
0.622743 0.713632
0.80848 0.527485
0.519944 0.823983
0.318152 0.927281
0.934864 0.356305
0.553248 0.756847
0.597599 0.743674
0.61845 0.721996
0.921681 0.474275
0.901569 0.505391
0.625296 0.684222
Generation: 17
0.5433 0.815612
0.400918 0.853806
0.452664 0.826547
0.924666 0.305176
0.569282 0.783511
0.797938 0.57917
0.695538 0.633662
0.276007 0.935653
0.577096 0.737424
0.727062 0.605023
0.30812 0.892987
0.548958 0.796974
0.621073 0.72081
0.35219 0.87458
0.694232 0.66529
0.371225 0.856519
Generation: 18
0.565396 0.76959
0.862983 0.515307
0.393364 0.855296
0.720418 0.613033
0.69548 0.633838
0.523637 0.773697
0.755067 0.577012
0.391694 0.861254
0.725244 0.607049
0.618462 0.721974
0.459818 0.817545
0.418976 0.844102
0.271651 0.896903
0.362309 0.871963
0.355136 0.892302
0.504041 0.80006
Generation: 19
0.39026 0.854754
0.589701 0.734954
0.522331 0.775928
0.755009 0.633423
0.398355 0.853783
0.603038 0.700362
0.299114 0.904487
0.474401 0.809133
0.359763 0.876802
0.691341 0.639128
0.760833 0.550225
0.304232 0.887287
0.58132 0.754127
0.844612 0.542342
0.325084 0.88672
0.263934 0.944649
Generation: 20
0.752359 0.573683
0.346911 0.871261
0.601325 0.701494
0.281038 0.952648
0.299172 0.904466
0.460913 0.819652
0.324207 0.89486
0.521962 0.776152
0.488631 0.788832
0.283216 0.940845
0.326456 0.88006
0.380558 0.868499
0.418748 0.834066
0.451396 0.822885
0.585716 0.738186
0.521818 0.776161
0.825639 0.526537
0.548864 0.758907
0.751639 0.623342
0.603001 0.700405
0.2927 0.930471
0.409645 0.853226
Generation: 21
0.906502 0.485984
0.857284 0.516618
0.483524 0.790756
0.751639 0.623342
0.511538 0.781856
0.434818 0.824454
0.243543 0.967069
0.36139 0.862552
0.858186 0.498161
0.394405 0.859169
0.728136 0.672094
0.524117 0.773201
0.287386 0.903238
0.602664 0.700585
0.389505 0.861154
0.769446 0.609983
0.530979 0.76741
0.733732 0.647166
0.826221 0.524963
Generation: 22
0.702333 0.651369
0.84725 0.556946
0.602043 0.701147
0.768083 0.580858
0.297133 0.919968
0.722805 0.649142
0.905756 0.49031
0.398626 0.848414
0.428595 0.845247
0.354114 0.876604
0.35388 0.876958
0.839679 0.569289
0.389482 0.86113
0.908218 0.478392
0.676136 0.674881
0.487906 0.788043
0.43483 0.824451
Generation: 23
0.438559 0.817627
0.516918 0.76157
0.692958 0.663704
0.415617 0.8426
0.911742 0.46425
0.702783 0.650906
0.316221 0.895765
0.232576 0.946912
0.732115 0.626094
0.357748 0.864528
0.903185 0.487584
0.84725 0.556946
0.628196 0.680322
0.84725 0.556946
0.898244 0.555492
0.428586 0.833774
0.566895 0.744706
0.779599 0.598412
0.701978 0.651793
0.389352 0.861221
0.468432 0.806954
0.423587 0.838021
0.487471 0.788503
0.702333 0.651369
Generation: 24
0.248355 0.943517
0.560427 0.747231
0.702264 0.652358
0.468432 0.806954
0.335974 0.878726
0.701545 0.65319
0.41525 0.842761
0.703185 0.650486
0.595192 0.737936
0.389352 0.861221
0.696669 0.65917
0.301784 0.941393
0.395019 0.855828
0.882573 0.516117
0.483121 0.791187
0.428665 0.833737
0.438559 0.817666
0.913978 0.472295
0.729981 0.629301
0.400464 0.845653
Generation: 25
0.506355 0.758159
0.418967 0.842099
0.391621 0.85813
0.675238 0.728928
0.275651 0.943018
0.595717 0.737778
0.395147 0.855705
0.43345 0.826828
0.70338 0.650529
0.489001 0.788937
0.248259 0.943534
0.303775 0.896312
0.336013 0.87872
0.234251 0.97774
0.773059 0.527671
0.442877 0.814659
0.388874 0.86405
0.8529 0.527438
0.336371 0.867936
Generation: 26
0.436893 0.825841
0.340278 0.878067
0.474068 0.790188
0.346023 0.871285
0.69277 0.652261
0.774554 0.524639
0.740933 0.606135
0.692103 0.720065
0.265519 0.950443
0.444832 0.814651
0.391575 0.859217
0.498846 0.77634
0.303775 0.896312
0.59924 0.734256
0.675238 0.728928
0.397553 0.835009
0.310536 0.894934
Generation: 27
0.296418 0.889048
0.431756 0.835729
0.37686 0.850566
0.43248 0.810461
0.662392 0.695083
0.339831 0.878575
0.544134 0.739433
0.488031 0.796225
0.773405 0.527466
0.274963 0.909513
0.474224 0.802421
0.431995 0.835548
0.402748 0.836548
0.739472 0.607706
0.857843 0.515876
0.68632 0.673413
0.38637 0.846204
Generation: 28
0.407544 0.834109
0.677187 0.66297
0.447107 0.813525
0.487507 0.791459
0.868984 0.517871
0.698783 0.644502
0.555799 0.727492
0.534742 0.730247
0.780678 0.521821
0.582134 0.695322
0.431888 0.8157
0.296074 0.902359
0.465709 0.807951
0.358184 0.888222
0.47449 0.802229
0.906215 0.479893
0.582134 0.695322
0.771386 0.531046
0.515256 0.768694
Generation: 29
0.525896 0.7491
0.264211 0.962098
0.780678 0.521821
0.495718 0.780431
0.515256 0.768694
0.561464 0.718275
0.303544 0.892084
0.751663 0.581541
0.515284 0.768678
0.485701 0.792155
0.471001 0.797283
0.536413 0.728659
0.408676 0.822047
0.74369 0.60876
0.486974 0.791782
0.385627 0.850821
0.906216 0.479893
0.482794 0.794308
0.402517 0.83776
0.686186 0.653756
0.820944 0.486588
0.683525 0.655107
0.447419 0.813116
0.28668 0.892856
Generation: 30
0.713826 0.623689
0.456325 0.809394
0.627277 0.707343
0.826419 0.582819
0.541552 0.724556
0.48679 0.791492
0.906311 0.479764
0.509221 0.767545
0.363007 0.863195
0.905804 0.483717
0.46616 0.800864
0.495523 0.783035
0.428654 0.843423
0.289662 0.891223
0.473792 0.792622
0.749963 0.583304
0.52462 0.749814
0.676315 0.672159
0.490683 0.785956
0.509285 0.759382
0.894335 0.501787
0.484621 0.791718
Generation: 31
0.679213 0.655906
0.386495 0.842136
0.294643 0.888191
0.329662 0.874373
0.348885 0.871272
0.671269 0.685663
0.31288 0.884866
0.502815 0.769977
0.473973 0.792469
0.753209 0.578371
0.504614 0.767942
0.418549 0.82166
0.45591 0.80905
0.811243 0.494172
0.890039 0.483685
0.516005 0.751345
0.686874 0.622592
0.52614 0.737246
0.452788 0.809723
0.54139 0.724629
0.414742 0.840914
0.29915 0.887983
0.497934 0.778622
0.634242 0.710629
Generation: 32
0.414806 0.834477
0.638655 0.692353
0.377285 0.849983
0.510327 0.756606
0.629038 0.718316
0.305932 0.885978
0.442558 0.813182
0.52614 0.737246
0.473792 0.792557
0.48015 0.785522
0.401785 0.834522
0.786829 0.603284
0.295569 0.887736
0.346819 0.857532
0.522797 0.739101
0.903881 0.461308
0.541378 0.724648
0.89232 0.473003
0.803141 0.517104
Generation: 33
0.748079 0.628815
0.78628 0.607407
0.89136 0.496011
0.401161 0.835944
0.737704 0.634185
0.387124 0.842897
0.407559 0.822043
0.739159 0.630421
0.889083 0.499211
0.295569 0.887736
0.307408 0.885668
0.641078 0.66982
0.787309 0.602131
0.46727 0.77904
0.505204 0.7773
0.526205 0.737198
0.621407 0.704649
0.437536 0.812483
0.685458 0.648353
Generation: 34
0.507029 0.763063
0.629674 0.7177
0.770397 0.622464
0.735596 0.634155
0.416984 0.819202
0.397944 0.826979
0.733532 0.638486
0.677012 0.649626
0.877705 0.524191
0.506497 0.775347
0.531934 0.736917
0.891864 0.492761
0.889091 0.499246
0.921507 0.481122
0.632833 0.688463
0.641093 0.669789
0.45955 0.801032
0.437536 0.812483
0.342215 0.876279
0.745874 0.625174
0.383498 0.83538
0.595146 0.731662
Generation: 35
0.404112 0.83357
0.745331 0.629857
0.584828 0.698106
0.301436 0.907852
0.73498 0.636455
0.795784 0.557515
0.738843 0.630351
0.483623 0.782245
0.897342 0.468552
0.796634 0.525863
0.732538 0.638691
0.435226 0.810241
0.677756 0.649146
0.63284 0.688452
0.726427 0.647572
0.766318 0.584309
0.374823 0.858449
0.885759 0.48528
0.416265 0.8196
0.413396 0.824465
Generation: 36
0.393744 0.838083
0.516956 0.783489
0.274031 0.926715
0.731202 0.641807
0.519126 0.747973
0.576306 0.703083
0.568973 0.718177
0.747124 0.609234
0.44187 0.806212
0.674825 0.656172
0.731362 0.640345
0.302892 0.924497
0.413843 0.81481
0.675195 0.646357
0.379833 0.856859
0.327466 0.903087
0.489792 0.795273
0.742129 0.63148
0.767129 0.586536
0.827589 0.493201
0.783081 0.564695
Generation: 37
0.568386 0.71942
0.477324 0.801392
0.622968 0.675965
0.713623 0.604072
0.651096 0.662293
0.489674 0.795488
0.518242 0.794864
0.780673 0.563948
0.344234 0.894246
0.379833 0.856859
0.673577 0.65622
0.528194 0.763323
0.56832 0.759325
0.301181 0.923056
0.577099 0.702614
0.381925 0.836244
Generation: 38
0.663938 0.650364
0.653115 0.673071
0.512088 0.775132
0.619456 0.68576
0.470531 0.797546
0.437923 0.805038
0.795187 0.550277
0.577099 0.702614
0.709022 0.606821
0.860537 0.499569
0.610164 0.692351
0.540068 0.774469
0.756871 0.568502
0.871761 0.485771
0.90018 0.464871
0.353281 0.893396
0.568386 0.71942
0.299184 0.92368
Generation: 39
0.364927 0.893054
0.353281 0.893396
0.527285 0.766963
0.298615 0.92388
0.544114 0.748856
0.470531 0.797546
0.523832 0.790951
0.577456 0.702043
0.61214 0.690057
0.804001 0.549882
0.859246 0.505888
0.404484 0.876946
0.809583 0.509287
0.647957 0.648651
0.727385 0.597617
0.469726 0.798394
0.433564 0.81052
0.756871 0.568502
0.699719 0.610531
Generation: 40
0.685432 0.632716
0.612623 0.689628
0.302233 0.922781
0.761261 0.601365
0.565016 0.710439
0.605321 0.70141
0.527285 0.766963
0.649906 0.646352
0.873102 0.47906
0.332268 0.874359
0.765466 0.554456
0.481004 0.784594
0.716854 0.617358
0.426392 0.861174
0.46956 0.856172
0.550334 0.743931
Generation: 41
0.301581 0.923244
0.596788 0.715971
0.428913 0.860245
0.716854 0.617358
0.424272 0.863177
0.524688 0.770783
0.521485 0.771039
0.605133 0.697741
0.849756 0.508787
0.42927 0.845033
0.301328 0.923504
0.639868 0.669523
0.332268 0.874359
0.750257 0.575183
0.764995 0.554789
Generation: 42
0.699968 0.642432
0.439982 0.851933
0.578165 0.7296
0.443002 0.819482
0.601309 0.718384
0.424274 0.863176
0.359444 0.870744
0.471009 0.788776
0.442535 0.834946
0.71701 0.617298
0.893058 0.497717
0.309602 0.921001
0.522272 0.770144
0.702394 0.634098
0.647849 0.691891
0.825114 0.528246
0.424272 0.863177
0.569876 0.760222
0.750257 0.575183
0.444129 0.799434
Generation: 43
0.659592 0.681411
0.694955 0.652415
0.594173 0.723407
0.750257 0.575183
0.57052 0.746005
0.577309 0.728959
0.337177 0.879138
0.522213 0.75219
0.446867 0.798186
0.334699 0.908634
0.324571 0.925778
0.698443 0.642597
0.471412 0.791869
Generation: 44
0.551723 0.722884
0.420968 0.817999
0.659871 0.681109
0.70058 0.640441
0.474973 0.796447
0.474708 0.8103
0.528049 0.758421
0.607037 0.719884
0.815105 0.535821
0.321519 0.881194
0.630316 0.718113
0.540299 0.745229
0.703519 0.636522
0.749953 0.575771
0.673358 0.663251
0.387906 0.839959
Generation: 45
0.693299 0.654366
0.705032 0.636887
0.309208 0.922805
0.700672 0.640412
0.333529 0.913537
0.447001 0.802391
0.512011 0.763143
0.807613 0.560465
0.387906 0.839959
0.488721 0.767138
0.388117 0.839768
0.567358 0.741413
0.711884 0.621847
0.770979 0.571088
0.813143 0.541067
0.540788 0.744797
0.81459 0.510599
0.607186 0.716879
0.577173 0.729412
0.535562 0.747819
Generation: 46
0.753921 0.559216
0.67769 0.622783
0.45057 0.828144
0.815267 0.509164
0.607202 0.716838
0.363514 0.878618
0.636947 0.670589
0.899306 0.498594
0.51185 0.763089
0.548357 0.740615
0.579075 0.7295
0.500803 0.768475
0.309498 0.92514
0.326482 0.92117
0.557552 0.736911
0.382578 0.84285
0.7974 0.541884
0.605801 0.717445
Generation: 47
0.772947 0.54856
0.59426 0.690894
0.387592 0.840144
0.416254 0.819869
0.500853 0.768458
0.3286 0.865871
0.46865 0.794934
0.673933 0.647878
0.323012 0.945426
0.704916 0.625742
0.536718 0.767418
0.815667 0.507674
0.926729 0.480231
0.462038 0.81511
0.558609 0.722458
0.753484 0.559689
0.486247 0.77703
0.325663 0.921489
0.464424 0.796543
Generation: 48
0.463901 0.799658
0.428747 0.821801
0.325212 0.944844
0.770112 0.545807
0.783724 0.526101
0.820352 0.513368
0.703549 0.626088
0.31451 0.947126
0.455679 0.809682
0.691685 0.630264
0.394171 0.837589
0.318242 0.946629
0.329785 0.918329
0.58327 0.74037
0.56372 0.74992
0.559802 0.754774
0.401126 0.829237
0.359833 0.888348
0.72321 0.572128
0.517408 0.767243
0.612036 0.686864
Generation: 49
0.494166 0.784701
0.770112 0.545807
0.357154 0.889115
0.397238 0.840703
0.543026 0.759092
0.354028 0.92478
0.717833 0.612118
0.332699 0.932492
0.723144 0.572216
0.359833 0.888348
0.625581 0.656963
0.537897 0.784145
0.308846 0.939258
0.576892 0.740199
0.839154 0.517278
0.442209 0.803608
0.400458 0.829958
0.556913 0.756505
0.504885 0.784531
0.564273 0.749524
Generation: 50
0.51617 0.758132
0.362985 0.879491
0.384742 0.847785
0.421914 0.82117
0.70363 0.583082
0.598494 0.703315
0.594267 0.745294
0.494166 0.784701
0.548945 0.752531
0.462959 0.795324
0.29634 0.888176
0.355221 0.887485
0.382906 0.855436
0.735197 0.555944
0.812515 0.527386
0.36812 0.856498
0.559961 0.75209
Generation: 51
0.735353 0.555663
0.609999 0.68347
0.432115 0.81342
0.610961 0.674462
0.720126 0.560048
0.510948 0.767617
0.294197 0.889292
0.592199 0.710188
0.334212 0.887435
0.64522 0.668983
0.390621 0.842427
0.459039 0.798185
0.421467 0.821757
0.691519 0.612418
0.515959 0.763868
0.380499 0.870577
0.385703 0.848154
0.664833 0.62712
0.367749 0.880755
0.483107 0.782409
0.585425 0.734393
0.401909 0.842109
Generation: 52
0.51153 0.761718
0.488915 0.774279
0.453339 0.801041
0.393251 0.845464
0.43109 0.823782
0.435302 0.80508
0.459432 0.797727
0.611896 0.682388
0.336725 0.87566
0.611923 0.675316
0.664833 0.62712
0.409082 0.830823
0.583852 0.734694
0.629105 0.664498
0.546829 0.751159
0.468269 0.788163
0.330343 0.878744
0.584925 0.725555
0.404139 0.84094
0.322201 0.893332
Generation: 53
0.318418 0.963128
0.408466 0.831641
0.336365 0.875739
0.393251 0.845464
0.488362 0.771425
0.455688 0.807267
0.642769 0.657852
0.51974 0.760353
0.427578 0.81207
0.55004 0.720159
0.653407 0.625328
0.730957 0.567655
0.686216 0.592119
0.377679 0.847348
0.60554 0.702062
0.455386 0.80743
Generation: 54
0.459877 0.797098
0.284197 0.912831
0.552891 0.718295
0.498793 0.779115
0.58557 0.695755
0.534019 0.765366
0.36513 0.857372
0.584386 0.714451
0.395061 0.833711
0.409489 0.831397
0.733529 0.562239
0.674328 0.641315
0.447935 0.804805
0.315741 0.886286
0.544458 0.739972
0.644182 0.657316
Generation: 55
0.552891 0.718295
0.412587 0.826982
0.791141 0.511794
0.408466 0.831641
0.280938 0.916306
0.56077 0.710114
0.575954 0.70124
0.553388 0.718025
0.499809 0.771546
0.492492 0.781747
0.552891 0.718295
0.431835 0.822032
0.283424 0.916091
0.507189 0.760855
0.423186 0.826964
0.550514 0.720676
0.434248 0.815686
0.622736 0.673737
0.699806 0.601939
0.250524 0.926722
0.457152 0.796679
0.732665 0.56682
0.673771 0.643973
0.38787 0.842596
0.365913 0.851
0.40622 0.834325
Generation: 56
0.519373 0.749553
0.469432 0.787623
0.674963 0.643493
0.716212 0.570844
0.433557 0.816466
0.948111 0.500415
0.445259 0.801482
0.628271 0.687018
0.568556 0.703256
0.566025 0.704397
0.366032 0.860091
0.412588 0.826982
0.259812 0.924511
0.399495 0.830545
0.425278 0.817317
0.680411 0.63344
0.713475 0.616811
0.412861 0.826114
0.542717 0.73603
0.3325 0.877421
0.386618 0.845383
0.279809 0.916549
Generation: 57
0.436166 0.816837
0.56689 0.70379
0.723721 0.599277
0.46036 0.800662
0.26256 0.942304
0.553112 0.739041
0.520124 0.749306
0.680692 0.642198
0.570051 0.703049
0.773493 0.55806
0.622379 0.670709
0.471891 0.796438
0.35137 0.869819
Generation: 58
0.627347 0.659704
0.622013 0.6713
0.681608 0.641248
0.328323 0.91004
0.827557 0.522004
0.42008 0.822477
0.46036 0.800662
0.625266 0.666011
0.278266 0.917
0.432915 0.811505
0.254787 0.917006
0.37066 0.849209
0.760887 0.57263
0.537409 0.764958
0.69071 0.629142
0.787371 0.528298
0.540613 0.739903
0.585493 0.687808
0.402914 0.845992
Generation: 59
0.333521 0.869419
0.515989 0.775413
0.569664 0.708098
0.761077 0.57238
0.480571 0.788245
0.460232 0.80075
0.631043 0.657282
0.789808 0.564208
0.360131 0.859523
0.803169 0.499688
0.505634 0.775644
0.446933 0.819684
0.467301 0.794242
0.623032 0.67246
0.705201 0.625927
0.528897 0.750561
0.550126 0.7404
Generation: 60
0.415596 0.826775
0.456186 0.813719
0.561096 0.714568
0.814372 0.481245
0.298939 0.886912
0.36016 0.883546
0.791106 0.528014
0.484785 0.808461
0.602214 0.697167
0.761081 0.572378
0.52944 0.751584
0.247379 0.914906
0.555788 0.731249
0.364547 0.880591
0.372498 0.854561
0.626065 0.671046
Generation: 61
0.62718 0.683066
0.258099 0.923127
0.280522 0.911647
0.29305 0.906519
0.744 0.574857
0.81982 0.470813
0.379939 0.866306
0.504989 0.763801
0.704821 0.617368
0.341312 0.883985
0.601544 0.697937
0.501106 0.767439
0.480718 0.783008
0.791122 0.527974
0.761081 0.572378
0.46652 0.807906
0.415613 0.826532
0.537568 0.743855
0.5794 0.698289
0.219073 0.943959
0.642304 0.660441
Generation: 62
0.284605 0.909374
0.741306 0.56747
0.537568 0.743855
0.600884 0.699181
0.414327 0.827405
0.709651 0.582446
0.756479 0.551007
0.613981 0.688507
0.399723 0.854651
0.569047 0.739392
0.278246 0.912345
0.969605 0.523567
0.254396 0.930185
0.444848 0.81906
0.67395 0.618664
0.415589 0.826535
0.653152 0.65011
0.494202 0.767032
0.472646 0.805858
0.644737 0.65874
0.293433 0.906414
Generation: 63
0.274009 0.919221
0.69537 0.61608
0.666084 0.65491
0.695388 0.61135
0.493355 0.773016
0.414885 0.835159
0.444721 0.81704
0.309795 0.892807
0.419376 0.827051
0.644535 0.658861
0.540043 0.752753
0.614069 0.701749
0.575086 0.749551
0.385419 0.874675
0.711312 0.580658
0.675147 0.620359
0.871263 0.436192
0.59199 0.718993
0.806544 0.536576
0.451878 0.806242
Generation: 64
0.449052 0.809761
0.71593 0.586029
0.319271 0.911162
0.640166 0.699317
0.347678 0.904375
0.938356 0.387309
0.280168 0.911346
0.580779 0.721777
0.702622 0.594624
0.500262 0.789325
0.454455 0.80501
0.906429 0.417306
0.365349 0.87622
0.360425 0.888953
0.870178 0.442333
0.576237 0.722005
0.725305 0.582653
0.426777 0.82133
0.676876 0.641777
0.644535 0.658861
0.456277 0.802457
0.278369 0.912221
0.745444 0.576366
Generation: 65
0.29584 0.923034
0.353411 0.872772
0.43374 0.817353
0.712819 0.584419
0.605044 0.687367
0.685625 0.640577
0.358444 0.863854
0.601541 0.710162
0.318856 0.911851
0.569734 0.750104
0.938475 0.387224
0.435972 0.816161
0.726271 0.565521
0.90432 0.42047
0.75552 0.559846
0.319227 0.911216
0.725524 0.572598
0.794677 0.544444
0.295632 0.937161
0.835211 0.532493
0.522994 0.783784
0.452677 0.804359
0.501616 0.787524
0.463087 0.799422
0.394815 0.837892
0.870178 0.442333
Generation: 66
0.446375 0.80903
0.904161 0.420458
0.600287 0.711785
0.499284 0.777121
0.940398 0.386323
0.430713 0.817915
0.822489 0.503686
0.630897 0.655183
0.255208 0.923935
0.463512 0.791879
0.535295 0.764065
0.724847 0.573605
0.71288 0.581548
0.336199 0.882996
0.59298 0.733416
0.5671 0.75275
0.607826 0.704304
0.72647 0.565843
0.463087 0.799422
0.701084 0.621077
0.803775 0.538678
0.345572 0.872698
Generation: 67
0.904158 0.406157
0.394431 0.838097
0.940398 0.386323
0.353056 0.872878
0.535295 0.764065
0.291505 0.930945
0.834652 0.528654
0.380064 0.855101
0.621858 0.693652
0.723226 0.582948
0.472374 0.785615
0.404795 0.832765
0.592019 0.704196
0.463083 0.792308
0.45168 0.817202
0.509078 0.780532
0.701084 0.621077
0.81055 0.536076
0.467436 0.792096
0.686563 0.645722
Generation: 68
0.567287 0.72408
0.890737 0.43582
0.899093 0.408241
0.327817 0.887015
0.296764 0.897411
0.472376 0.785612
0.723226 0.582948
0.422471 0.833287
0.476456 0.782579
0.454029 0.811884
0.455552 0.796525
0.789669 0.548651
0.390183 0.842842
0.905881 0.401355
0.648694 0.658598
0.401597 0.840306
0.557922 0.762557
0.46716 0.792153
0.406038 0.836527
Generation: 69
0.288741 0.929544
0.545272 0.761846
0.32811 0.886799
0.328766 0.883122
0.646378 0.659674
0.63321 0.701324
0.897014 0.407616
0.906488 0.406243
0.449432 0.808405
0.897553 0.407451
0.784889 0.548655
0.48924 0.771036
0.796279 0.532635
0.483773 0.779843
0.47306 0.785858
0.578901 0.737153
0.368059 0.867882
0.921946 0.389962
0.35341 0.881296
0.596553 0.735892
Generation: 70
0.46738 0.783211
0.783857 0.577537
0.387396 0.865744
0.90144 0.390827
0.646378 0.659674
0.889709 0.451756
0.413644 0.851943
0.464705 0.811172
0.291144 0.902103
0.342701 0.87494
0.299738 0.896896
0.601231 0.695625
0.57883 0.737131
0.281557 0.911592
0.796279 0.532635
0.614729 0.695578
0.417886 0.820399
Generation: 71
0.342701 0.87494
0.560377 0.730957
0.355156 0.864424
0.297763 0.897882
0.344335 0.865207
0.291146 0.902102
0.888778 0.443445
0.422334 0.818276
0.829323 0.555622
0.88167 0.494631
0.599491 0.69674
0.41794 0.820373
0.452041 0.817479
0.90144 0.390827
0.332872 0.884051
0.628809 0.672982
0.59948 0.697774
0.458429 0.817211
Generation: 72
0.415237 0.831729
0.378175 0.845021
0.30499 0.900814
0.541672 0.780318
0.610514 0.691798
0.692992 0.670927
0.375858 0.859976
0.796194 0.597688
0.601137 0.697355
0.868506 0.556789
0.893415 0.449767
0.341339 0.86777
0.423819 0.813644
0.264491 0.908458
0.549766 0.745107
0.38897 0.836274
0.761352 0.669075
Generation: 73
0.427578 0.818454
0.294475 0.897652
0.264491 0.908458
0.363288 0.854031
0.329248 0.876686
0.785358 0.571517
0.706869 0.649099
0.385432 0.837644
0.759342 0.620031
0.569065 0.76064
0.567115 0.793768
0.377634 0.841214
0.625085 0.662046
0.418672 0.820131
0.409102 0.828932
0.864382 0.565354
0.492383 0.800106
0.350889 0.8611
0.890373 0.451092
Generation: 74
0.258018 0.931945
0.264491 0.908458
0.844539 0.517811
0.78192 0.583469
0.350889 0.8611
0.48276 0.795826
0.419906 0.818068
0.710348 0.646005
0.353393 0.857804
0.539705 0.778935
0.332074 0.862383
0.541924 0.756304
0.389779 0.84327
0.291028 0.893686
0.362253 0.856148
0.739332 0.637743
0.957857 0.409641
0.586116 0.702894
Generation: 75
0.362253 0.856148
0.268828 0.900676
0.557365 0.753866
0.930172 0.494979
0.364407 0.846348
0.502877 0.785392
0.75588 0.59482
0.477379 0.803751
0.347305 0.882975
0.974479 0.468858
0.260083 0.910169
0.352324 0.858485
0.793703 0.569539
0.412205 0.833462
0.626524 0.676594
0.725067 0.631632
0.539705 0.778935
Generation: 76
0.321039 0.888571
0.723626 0.572583
0.267959 0.901328
0.502877 0.785392
0.882666 0.544166
0.359458 0.857053
0.581634 0.712462
0.516579 0.773676
0.60737 0.692308
0.344527 0.868783
0.521196 0.754274
0.867889 0.570703
0.565158 0.740544
0.567777 0.728286
0.363115 0.855748
0.21774 0.932727
0.357833 0.859687
0.464968 0.820509
Generation: 77
0.602527 0.703017
0.378309 0.851573
0.393845 0.850871
0.468163 0.819988
0.616235 0.682148
0.548306 0.752264
0.514898 0.775369
0.882922 0.543824
0.578744 0.720249
0.367617 0.853782
0.43906 0.830244
0.531957 0.763256
0.222364 0.930986
0.606531 0.693309
0.806159 0.553632
0.362006 0.856198
0.36157 0.873798
0.567805 0.728244
Generation: 78
0.590251 0.714431
0.473563 0.828095
0.593579 0.705899
0.798447 0.575064
0.516862 0.766895
0.296815 0.882319
0.474095 0.806898
0.391459 0.862861
0.394592 0.82951
0.859887 0.536604
0.545766 0.735637
0.621057 0.675113
0.262252 0.922484
0.277783 0.902281
0.474528 0.787507
0.532171 0.763119
0.540212 0.748216
0.222579 0.930913
0.483302 0.778495
0.526411 0.764544
0.717751 0.626131
Generation: 79
0.434563 0.80955
0.268656 0.907533
0.727381 0.590927
0.443181 0.804279
0.796965 0.576562
0.593575 0.705901
0.48921 0.787106
0.361147 0.874541
0.521859 0.762905
0.222161 0.927929
0.555955 0.733008
0.492175 0.783497
0.581347 0.717738
0.532336 0.744427
0.789033 0.58317
0.532322 0.76255
0.455482 0.798717
0.313863 0.879751
0.50184 0.773261
0.27633 0.903552
0.516823 0.76659
0.50648 0.768644
0.798447 0.575064
Generation: 80
0.62183 0.673891
0.376436 0.849213
0.503144 0.764186
0.524133 0.734223
0.269576 0.90723
0.451814 0.809205
0.49344 0.767427
0.581252 0.717819
0.453187 0.801374
0.404707 0.822071
0.759978 0.570197
0.756822 0.660104
0.479497 0.789557
0.44459 0.81346
Generation: 81
0.688193 0.610116
0.335909 0.87134
0.372127 0.854649
0.615488 0.682858
0.506262 0.768738
0.269576 0.90723
0.415469 0.826401
0.51581 0.761098
0.411889 0.832151
0.388745 0.834019
0.624328 0.672658
0.443014 0.813705
0.57784 0.701643
0.269412 0.922107
0.312187 0.894591
0.438239 0.81733
0.473551 0.793115
0.523656 0.73451
0.427025 0.825557
0.455178 0.798829
Generation: 82
0.624804 0.666381
0.449847 0.804348
0.367866 0.863972
0.619707 0.676321
0.269683 0.921865
0.330193 0.891945
0.241509 0.923397
0.696036 0.601779
0.275185 0.921463
0.430378 0.818948
0.44171 0.813285
0.312187 0.894591
0.435916 0.817531
0.576271 0.703593
0.393374 0.825862
0.426447 0.823266
0.455178 0.798829
0.554557 0.7311
0.367392 0.865886
Generation: 83
0.320299 0.891187
0.597317 0.69229
0.598861 0.679864
0.421835 0.820447
0.381397 0.835579
0.501041 0.77501
0.588635 0.699082
0.512658 0.751536
0.442665 0.811568
0.575215 0.704542
0.467415 0.803075
0.241509 0.923397
0.393374 0.825862
0.348937 0.872978
0.547254 0.744119
0.576093 0.703876
0.577133 0.702511
0.573192 0.707566
0.313936 0.893937
0.390859 0.82708
Generation: 84
0.365959 0.845629
0.585747 0.694005
0.558948 0.720684
0.412292 0.831558
0.434015 0.81865
0.563421 0.710868
0.448894 0.803315
0.528972 0.77475
0.314453 0.889231
0.575215 0.704542
0.326232 0.885021
0.576249 0.703783
0.348937 0.872978
0.31811 0.888219
0.243776 0.920333
0.458677 0.786785
0.575253 0.704473
0.548453 0.769178
0.471847 0.779276
0.52907 0.773442
Generation: 85
0.222029 0.927532
0.496183 0.764203
0.587949 0.696258
0.348182 0.876809
0.597613 0.693955
0.342192 0.892962
0.443126 0.81568
0.547887 0.734837
0.453872 0.801313
0.496889 0.761766
0.574628 0.699021
0.560765 0.706538
0.3259 0.894663
0.596169 0.694611
0.244859 0.92446
0.443535 0.812837
0.325059 0.894667
0.42606 0.816975
0.649501 0.687571
0.396822 0.837339
Generation: 86
0.482162 0.778642
0.605871 0.686619
0.496101 0.764248
0.487368 0.770647
0.261589 0.908993
0.358432 0.850351
0.271697 0.906744
0.347429 0.877574
0.204865 0.948416
0.614766 0.681578
0.459738 0.793416
0.571705 0.704455
0.781683 0.653699
0.392047 0.841727
0.386047 0.842488
0.324984 0.881685
0.420199 0.831213
0.306724 0.895716
0.233461 0.926243
0.635602 0.654373
0.220851 0.927957
Generation: 87
0.39492 0.835513
0.719794 0.654285
0.25651 0.923651
0.358361 0.85039
0.495275 0.770076
0.403871 0.83067
0.428032 0.820861
0.47808 0.796565
0.32004 0.877505
0.626757 0.663
0.451157 0.803028
0.20492 0.948386
0.270524 0.907237
0.2148 0.925127
0.295605 0.895474
0.284123 0.907152
Generation: 88
0.303786 0.885107
0.419011 0.817888
0.622798 0.66901
0.494522 0.766994
0.474821 0.782487
0.270821 0.909246
0.373062 0.852617
0.344678 0.870242
0.225449 0.924574
0.471101 0.798439
0.445757 0.811892
0.398763 0.828582
0.656436 0.668678
0.2148 0.925127
0.238453 0.919434
0.56614 0.710077
0.459348 0.802756
0.596268 0.682443
0.381165 0.844007
Generation: 89
0.286938 0.905256
0.390287 0.843727
0.419011 0.817888
0.471101 0.798439
0.363423 0.858339
0.276498 0.912896
0.242683 0.921059
0.545339 0.740687
0.477961 0.796597
0.369079 0.849735
0.622746 0.669049
0.295179 0.890975
0.513521 0.748713
0.494522 0.766994
0.478112 0.787764
0.329995 0.886355
0.256461 0.913952
0.395612 0.835727
0.617159 0.702873
0.359753 0.863027
0.442992 0.807886
0.344409 0.870304
0.336859 0.880368
0.495764 0.766259
Generation: 90
0.442616 0.805009
0.367339 0.850571
0.299412 0.903645
0.251914 0.913033
0.366351 0.853295
0.525082 0.768405
0.359702 0.863044
0.395598 0.835733
0.463898 0.782589
0.346841 0.868131
0.463317 0.7912
0.286847 0.905749
0.32044 0.873378
0.595585 0.704809
0.242861 0.920918
0.421381 0.825594
0.554231 0.714347
0.499795 0.774897
0.429775 0.811512
Generation: 91
0.423347 0.822551
0.442172 0.805124
0.25191 0.913031
0.459447 0.785316
0.534387 0.730607
0.499876 0.776624
0.458562 0.795971
0.420287 0.835131
0.457045 0.79761
0.33553 0.864034
0.351002 0.858829
0.805171 0.688158
0.298084 0.897173
0.26201 0.909512
0.380014 0.846433
0.32044 0.873378
0.441054 0.809829
0.39584 0.8356
0.248831 0.919366
Generation: 92
0.434399 0.817467
0.340432 0.855961
0.302799 0.904527
0.467238 0.790914
0.438804 0.810916
0.323889 0.873727
0.448266 0.799382
0.398934 0.841919
0.449402 0.795357
0.422968 0.822948
0.797447 0.703247
0.444825 0.803057
0.423348 0.82255
0.304964 0.897465
0.333454 0.866406
0.26207 0.909485
0.330852 0.869706
0.32548 0.871983
0.473898 0.785093
0.415692 0.824
0.38112 0.844858
0.380014 0.846433
0.441847 0.805348
Generation: 93
0.488622 0.768356
0.366343 0.85164
0.386561 0.841407
0.427954 0.815957
0.260587 0.946952
0.626139 0.70112
0.421843 0.82714
0.311358 0.893818
0.44241 0.804481
0.338543 0.857481
0.799948 0.680295
0.477968 0.778801
0.423614 0.822884
0.331058 0.866244
0.38112 0.844858
0.302619 0.899309
0.32078 0.877988
Generation: 94
0.570162 0.763372
0.274508 0.897188
0.431861 0.81515
0.384385 0.851449
0.35664 0.861854
0.478122 0.778694
0.449718 0.801608
0.335656 0.863252
0.476496 0.783025
0.473269 0.788931
0.821579 0.688556
0.387031 0.841061
0.256233 0.90847
0.46182 0.793676
0.460572 0.795636
0.301506 0.879224
0.421374 0.82124
Generation: 95
0.362299 0.849313
0.570542 0.766087
0.338151 0.862837
0.491025 0.767097
0.479074 0.775943
0.456356 0.792735
0.229033 0.924523
0.428484 0.815489
0.477267 0.782132
0.43813 0.801675
0.431159 0.815305
0.599379 0.72293
0.416508 0.829405
0.451681 0.799389
0.57657 0.760517
0.371501 0.846471
0.361448 0.851047
0.603865 0.715615
0.276782 0.897583
0.309202 0.881092
0.399719 0.843693
0.329599 0.866387
0.416969 0.824307
0.799379 0.679606
0.477699 0.777073
Generation: 96
0.294087 0.8914
0.497121 0.772471
0.515283 0.750904
0.364338 0.850693
0.591582 0.725619
0.329599 0.866387
0.474118 0.778744
0.337068 0.862954
0.451729 0.795539
0.626854 0.711446
0.251867 0.913949
0.497527 0.769957
0.470307 0.779057
0.42349 0.818059
0.358999 0.85258
0.430256 0.815319
0.40026 0.821134
0.275864 0.899519
0.602132 0.718122
0.329426 0.887688
Generation: 97
0.515256 0.750873
0.211607 0.927973
0.337356 0.862637
0.432137 0.81334
0.336137 0.864258
0.361817 0.851552
0.363205 0.850682
0.332437 0.865488
0.435837 0.81163
0.29247 0.884775
0.594941 0.736349
0.462657 0.787474
0.849379 0.69299
0.483956 0.766608
0.256308 0.910587
0.366108 0.84136
0.414213 0.820667
0.363605 0.845257
0.419601 0.817173
0.404904 0.837289
Generation: 98
0.469123 0.777965
0.370179 0.842223
0.498078 0.770246
0.360788 0.85329
0.328714 0.899155
0.431342 0.813755
0.362934 0.850288
0.258079 0.910067
0.522629 0.746383
0.369477 0.84423
0.343395 0.861154
0.393752 0.834698
0.440104 0.8038
0.330903 0.86615
0.445651 0.799145
0.256308 0.910587
0.32887 0.896258
0.487245 0.775832
0.252048 0.941997
0.420447 0.816774
0.256238 0.910596
Generation: 99
0.33943 0.860332
0.503383 0.756692
0.3632 0.849118
0.25623 0.910599
0.522629 0.746383
0.460597 0.790642
0.43024 0.815826
0.911238 0.723233
0.256578 0.908786
0.217119 0.923637
0.250936 0.913743
0.522629 0.746383
0.277746 0.904546
0.355524 0.849179
0.383787 0.832821
0.324452 0.870184
0.450102 0.796227
0.371869 0.844298
0.431342 0.813755
0.441888 0.804129
0.296617 0.898496
0.437381 0.812752
0.338602 0.864696
0.33899 0.863993
Generation: 100
0.355442 0.849219
0.39551 0.836375
0.294353 0.896353
0.373805 0.842944
0.48454 0.766902
0.25623 0.910599
0.26143 0.908698
0.54708 0.737512
0.361527 0.846754
0.856606 0.679179
0.374066 0.841544
0.32043 0.868561
0.268095 0.908252
0.307955 0.878306
0.368059 0.843479
0.243498 0.916981
0.431645 0.813313
0.295882 0.883831
0.337568 0.864405
0.341114 0.860113
0.457961 0.7928
0.469563 0.784643
0.232735 0.918862
0.282561 0.902784
Generation: 101
0.52584 0.756424
0.302415 0.881019
0.294353 0.896353
0.341248 0.859984
0.328085 0.867468
0.401497 0.826458
0.469464 0.784773
0.403848 0.825701
0.393344 0.827065
0.368059 0.843479
0.530983 0.74841
0.241838 0.952889
0.33219 0.8665
0.350402 0.852632
0.303443 0.876763
0.473971 0.780337
0.468554 0.785533
0.268526 0.899153
0.469563 0.784643
0.258432 0.909874
Generation: 102
0.269167 0.895474
0.318662 0.872685
0.469573 0.784535
0.468554 0.785533
0.32708 0.867727
0.381111 0.849084
0.469499 0.784777
0.258432 0.909874
0.385907 0.84389
0.312605 0.876969
0.352641 0.851713
0.274152 0.894227
0.413088 0.825576
0.341281 0.859976
0.433674 0.80277
0.425052 0.816382
0.502868 0.752882
0.24463 0.925162
0.284703 0.888199
0.387329 0.83671
0.314822 0.873607
0.466481 0.789427
Generation: 103
0.320686 0.871936
0.339654 0.862015
0.385496 0.838247
0.371241 0.854188
0.358735 0.861182
0.422256 0.818267
0.281443 0.890182
0.731576 0.751615
0.334684 0.86473
0.302443 0.880996
0.460941 0.79452
0.32862 0.867059
0.485843 0.768241
0.429127 0.810919
0.256868 0.914315
0.250088 0.92362
0.293454 0.884568
0.32675 0.871703
0.280885 0.905807
0.468452 0.789738
0.47778 0.780834
Generation: 104
0.344651 0.860886
0.276963 0.892099
0.405553 0.834941
0.477306 0.780673
0.408604 0.833239
0.328654 0.866996
0.254151 0.914484
0.297983 0.884803
0.41539 0.811377
0.386323 0.838309
0.30966 0.87693
0.413783 0.832887
0.320181 0.872261
0.445582 0.81034
0.447075 0.792301
0.31012 0.876245
0.398813 0.835108
0.369593 0.846016
0.227566 0.932576
0.429028 0.810756
Generation: 105
0.277148 0.891978
0.405938 0.832233
0.423198 0.823617
0.336597 0.864981
0.466501 0.78159
0.268353 0.914529
0.386141 0.837487
0.364044 0.848568
0.299069 0.880361
0.21912 0.925169
0.401359 0.836465
0.353624 0.856884
0.309628 0.879856
0.411278 0.82861
0.352315 0.860735
0.379931 0.846865
Generation: 106
0.261589 0.91663
0.518574 0.764693
0.39229 0.840283
0.544632 0.745692
0.317498 0.879709
0.25092 0.91669
0.297006 0.881164
0.353548 0.85687
0.267653 0.907932
0.522952 0.761295
0.339988 0.863167
0.424544 0.819064
0.466501 0.78159
0.39865 0.835072
0.21912 0.925169
0.364044 0.848568
Generation: 107
0.449165 0.786845
0.411853 0.822572
0.368929 0.841067
0.339988 0.863167
0.395525 0.836623
0.312335 0.873778
0.295485 0.893735
0.430828 0.812237
0.33882 0.866698
0.523879 0.764568
0.465434 0.782135
0.228415 0.920255
0.466541 0.781571
0.303575 0.882606
0.526584 0.76032
0.213067 0.928048
0.435149 0.805078
0.446821 0.79552
0.544632 0.745692
0.538386 0.750747
Generation: 108
0.549654 0.737144
0.436746 0.811809
0.356074 0.86239
0.266439 0.895528
0.518589 0.764681
0.29978 0.889709
0.469454 0.792111
0.368929 0.841067
0.547125 0.74423
0.311413 0.874304
0.21284 0.927242
0.364177 0.855929
0.293226 0.891851
0.470308 0.774894
0.360123 0.857417
0.330114 0.870776
0.518934 0.764319
0.311937 0.873916
0.263081 0.90886
0.300575 0.882477
0.528699 0.758997
0.401777 0.836934
Generation: 109
0.56664 0.730968
0.278719 0.888688
0.339735 0.866151
0.470453 0.792644
0.368524 0.854204
0.266583 0.898064
0.337684 0.866544
0.52363 0.755823
0.242045 0.916729
0.313843 0.873618
0.415698 0.821301
0.251462 0.906849
0.435874 0.808032
0.259305 0.903398
0.446299 0.806173
0.42125 0.818909
Generation: 110
0.265666 0.902213
0.267258 0.895522
0.402657 0.836554
0.295432 0.883483
0.308601 0.882265
0.532807 0.751294
0.388233 0.845016
0.375411 0.849735
0.478348 0.781736
0.408319 0.825835
0.284118 0.893763
0.337155 0.863819
0.448714 0.801748
0.419287 0.821847
0.291625 0.883997
0.326839 0.865354
0.370995 0.853163
0.456382 0.795109
0.310788 0.879139
0.563229 0.723923
0.313323 0.873865
Generation: 111
0.538327 0.748879
0.547386 0.73245
0.312336 0.874121
0.400896 0.838129
0.295442 0.883477
0.478348 0.781736
0.430374 0.833942
0.304929 0.878281
0.342862 0.862174
0.479611 0.781006
0.398393 0.842315
0.373517 0.846571
0.361248 0.856226
0.332961 0.863516
0.504309 0.773429
0.313323 0.873865
0.5646 0.721769
0.432785 0.819712
0.458139 0.794693
0.308782 0.877071
0.258128 0.897363
0.23081 0.908939
Generation: 112
0.364189 0.855822
0.419703 0.814924
0.547386 0.73245
0.33757 0.86238
0.251881 0.90093
0.485242 0.778574
0.238902 0.904833
0.361257 0.856222
0.31203 0.874152
0.291616 0.884002
0.295442 0.883477
0.321486 0.868921
0.48169 0.78806
0.313514 0.873634
0.371869 0.847659
0.38768 0.84151
0.524557 0.762804
0.25593 0.898975
0.231139 0.908916
0.315242 0.870805
0.574283 0.708062
0.369225 0.850117
0.3432 0.856223
Generation: 113
0.528893 0.733155
0.333004 0.867009
0.57526 0.707494
0.346972 0.860174
0.40227 0.83256
0.241091 0.904548
0.312094 0.872562
0.319607 0.867134
0.309291 0.877391
0.238908 0.90483
0.358037 0.853181
0.315242 0.870805
0.480853 0.788844
0.403349 0.823922
0.453735 0.80734
0.229634 0.9097
0.23114 0.908915
0.370478 0.849988
0.254352 0.900032
0.256684 0.897233
0.337304 0.864378
0.372762 0.843093
Generation: 114
0.33894 0.863697
0.338423 0.863952
0.428655 0.811925
0.4824 0.767296
0.254219 0.898955
0.408033 0.828509
0.219395 0.935796
0.300324 0.88073
0.551942 0.738289
0.28386 0.886696
0.471364 0.792083
0.265709 0.896541
0.32942 0.864811
0.363673 0.850828
0.238913 0.904835
0.244003 0.903039
0.475407 0.777606
0.581874 0.699868
0.376581 0.832351
0.365359 0.844583
Generation: 115
0.360632 0.851991
0.403366 0.821437
0.322248 0.870665
0.51109 0.765808
0.476372 0.787175
0.254219 0.898955
0.583167 0.698622
0.361798 0.844028
0.351875 0.857999
0.48558 0.785203
0.245873 0.901855
0.367559 0.843641
0.219395 0.935796
0.332292 0.863519
0.294049 0.881195
0.269511 0.89509
0.272963 0.887514
0.244003 0.903039
0.470132 0.793817
0.428619 0.811958
Generation: 116
0.269133 0.889095
0.31827 0.87134
0.306688 0.87269
0.50834 0.770697
0.245745 0.930318
0.28348 0.888193
0.295206 0.88274
0.304251 0.878721
0.328625 0.864663
0.406023 0.820988
0.293505 0.885573
0.322248 0.870665
0.2256 0.953025
0.25427 0.898942
0.373635 0.842186
0.402994 0.82442
0.450111 0.796977
0.360632 0.851991
0.509623 0.766563
0.42917 0.819595
0.322795 0.869955
Generation: 117
0.217398 0.943507
0.358736 0.851737
0.44175 0.800609
0.419739 0.820393
0.510173 0.76619
0.281652 0.886263
0.262367 0.929195
0.385281 0.841612
0.455148 0.790352
0.304761 0.881197
0.327618 0.862831
0.52817 0.761228
0.295464 0.881398
0.263037 0.895863
0.577246 0.704291
0.262569 0.895974
0.39894 0.828028
0.334605 0.86202
0.412862 0.8214
0.269211 0.889055
Generation: 118
0.359698 0.859079
0.510185 0.76618
0.459361 0.781381
0.506298 0.770206
0.370871 0.84418
0.509937 0.766398
0.233002 0.921614
0.266935 0.895415
0.310201 0.873212
0.295953 0.882182
0.21824 0.939817
0.323864 0.868645
0.253009 0.897686
0.392657 0.826589
0.282494 0.886072
0.297068 0.879099
0.271025 0.889363
0.278956 0.886717
0.371577 0.837409
0.436357 0.807359
0.553789 0.738451
0.52544 0.755209
Generation: 119
0.390816 0.834324
0.45178 0.788491
0.271618 0.891869
0.409682 0.821931
0.292682 0.880865
0.237795 0.935825
0.505409 0.748953
0.241591 0.928262
0.344402 0.858207
0.431419 0.812854
0.363097 0.846522
0.419849 0.815618
0.301767 0.877695
0.338193 0.868182
0.252418 0.919497
0.457501 0.780961
0.468757 0.780658
0.393883 0.826697
0.280583 0.886813
0.553789 0.738451
0.411994 0.818511
Generation: 120
0.385985 0.834105
0.247019 0.937942
0.345276 0.859225
0.456774 0.785516
0.218721 0.939558
0.333499 0.860374
0.310211 0.871607
0.421623 0.81443
0.324465 0.866529
0.262671 0.898609
0.304475 0.873836
0.553518 0.738743
0.360453 0.853659
0.381816 0.837642
0.303137 0.874584
0.592971 0.735648
0.394379 0.826913
0.288758 0.885411
0.221329 0.938668
Generation: 121
0.328418 0.867896
0.356533 0.852756
0.478586 0.770395
0.402344 0.83479
0.406821 0.826564
0.273966 0.896881
0.217541 0.931924
0.302986 0.874306
0.416483 0.818476
0.37176 0.842826
0.553518 0.738743
0.411668 0.820219
0.428064 0.808462
0.20385 0.951955
0.320233 0.869728
0.300504 0.880736
0.553518 0.738743
0.388591 0.834822
0.488708 0.766964
0.28482 0.884524
Generation: 122
0.44302 0.796836
0.488037 0.767617
0.416806 0.818251
0.390357 0.834556
0.284654 0.884661
0.371957 0.852572
0.408367 0.827553
0.356533 0.852756
0.274836 0.896356
0.350501 0.857663
0.426837 0.815441
0.460861 0.782589
0.324619 0.866879
0.383544 0.836712
0.44066 0.803704
0.495237 0.765706
0.217541 0.931924
0.310888 0.8731
0.453253 0.79599
0.197566 0.952203
0.25921 0.916051
0.296215 0.879303
0.456739 0.791713
0.205587 0.951484
Generation: 123
0.486489 0.784833
0.415111 0.823275
0.211154 0.950139
0.32843 0.867882
0.2048 0.95166
0.205587 0.951484
0.265333 0.916741
0.45707 0.799875
0.383507 0.836723
0.382598 0.838087
0.317984 0.874667
0.491465 0.769045
0.386129 0.83263
0.403635 0.824632
0.472628 0.78504
0.276994 0.914241
0.505716 0.768057
0.317984 0.874667
0.445276 0.805091
0.371544 0.842775
0.434476 0.806412
0.463767 0.788312
Generation: 124
0.436937 0.804844
0.47592 0.773569
0.232049 0.948494
0.242905 0.944823
0.332794 0.865448
0.198987 0.953391
0.474632 0.783556
0.188628 0.973972
0.388578 0.837804
0.204805 0.95166
0.278533 0.903083
0.343672 0.861615
0.325945 0.865561
0.259901 0.932497
0.415176 0.818051
0.504432 0.767293
0.374346 0.841514
0.439139 0.79959
Generation: 125
0.393562 0.832189
0.473897 0.77459
0.517799 0.750567
0.325945 0.865561
0.375568 0.834943
0.350442 0.857049
0.217491 0.931516
0.35836 0.849892
0.262179 0.918889
0.284321 0.899482
0.344504 0.861487
0.368238 0.841733
0.446415 0.795534
0.277416 0.913009
0.357874 0.854387
0.367202 0.846481
Generation: 126
0.508018 0.772134
0.621374 0.735333
0.61212 0.743442
0.524598 0.753403
0.308538 0.891604
0.388189 0.833215
0.317645 0.874636
0.292271 0.894527
0.342253 0.862112
0.389895 0.826377
0.452915 0.791804
0.508728 0.762164
0.434435 0.80475
0.329597 0.866459
0.384917 0.842024
0.427403 0.81349
0.346431 0.856066
0.31851 0.869053
0.275908 0.905863
0.236464 0.945302
Generation: 127
0.620846 0.735706
0.288222 0.919431
0.323399 0.867261
0.210523 0.952624
0.259714 0.942805
0.378571 0.834006
0.342248 0.862123
0.389912 0.826371
0.344399 0.857451
0.434329 0.804849
0.621374 0.735333
0.34174 0.864325
0.425309 0.808109
0.469083 0.788793
0.358951 0.853739
0.513675 0.765722
0.52314 0.754387
0.428164 0.805101
0.458581 0.798609
0.364935 0.853043
0.474975 0.776473
0.236188 0.945547
0.401207 0.826243
0.33847 0.865474
0.503252 0.774994
Generation: 128
0.420214 0.810831
0.34646 0.857445
0.352679 0.851328
0.312896 0.904755
0.345284 0.859806
0.206423 0.966677
0.405799 0.819897
0.339106 0.864859
0.433841 0.804681
0.467705 0.791834
0.395055 0.828876
0.270218 0.910475
0.34174 0.864325
0.37978 0.833437
0.452325 0.79543
0.560788 0.717991
0.234356 0.944962
0.358129 0.848765
0.251615 0.923115
0.470388 0.785617
0.429568 0.807767
Generation: 129
0.417519 0.812175
0.429178 0.808157
0.496488 0.765611
0.395548 0.828561
0.443802 0.802036
0.335692 0.861394
0.346044 0.857329
0.403481 0.820082
0.359235 0.848671
0.350643 0.854562
0.315972 0.874465
0.558344 0.719636
0.560788 0.717991
0.488802 0.776505
0.391985 0.831658
0.37626 0.833878
0.332125 0.872151
0.295967 0.880567
0.467696 0.791837
Generation: 130
0.547455 0.74437
0.508133 0.777931
0.410568 0.816229
0.330588 0.871405
0.413963 0.814551
0.292945 0.88339
0.345917 0.857394
0.497406 0.779066
0.474583 0.782014
0.548706 0.726659
0.386682 0.832539
0.385471 0.836736
0.429152 0.806966
0.299647 0.879039
0.376084 0.839011
0.391798 0.826256
0.358753 0.848988
0.571234 0.699412
0.315972 0.874465
0.403481 0.820082
0.665398 0.697374
Generation: 131
0.277326 0.894516
0.318937 0.871581
0.364511 0.847692
0.33525 0.869176
0.385471 0.836736
0.365937 0.843466
0.381783 0.839079
0.399663 0.828568
0.345917 0.857394
0.41021 0.814322
0.55495 0.712637
0.463132 0.811969
0.291655 0.887339
0.497169 0.784959
Generation: 132
0.393541 0.831815
0.409085 0.828968
0.515123 0.746363
0.337003 0.863997
0.379843 0.840102
0.330552 0.869526
0.47075 0.79833
0.280865 0.890941
0.335217 0.869171
0.340328 0.85578
0.476516 0.79746
0.364511 0.847692
0.464455 0.798644
0.409175 0.814897
0.487672 0.785903
0.364937 0.847396
Generation: 133
0.396826 0.826251
0.373823 0.841813
0.430796 0.824156
0.503546 0.758894
0.391159 0.832992
0.405291 0.825116
0.340328 0.85578
0.310191 0.87359
0.537642 0.742838
0.454946 0.805915
0.233345 0.986936
0.37238 0.843571
0.458229 0.798624
0.361309 0.849634
0.289325 0.885821
0.37983 0.840113
0.485723 0.789751
0.469107 0.793081
Generation: 134
0.347909 0.861375
0.488254 0.786351
0.348623 0.859005
0.429179 0.818123
0.373692 0.841855
0.430011 0.806864
0.452578 0.800979
0.3724 0.843563
0.369749 0.846138
0.250287 0.916355
0.563534 0.755931
0.236062 0.988314
0.391075 0.828416
0.32692 0.869611
0.371896 0.84516
0.503456 0.758985
0.329158 0.867184
0.402874 0.822962
0.313002 0.872362
Generation: 135
0.705227 0.710881
0.291771 0.902423
0.427249 0.80859
0.342677 0.860924
0.295545 0.881706
0.434441 0.803645
0.275236 0.910467
0.203551 0.972754
0.416329 0.81448
0.387608 0.837786
0.338018 0.864943
0.403606 0.822426
0.544032 0.791034
0.402874 0.822962
0.562866 0.75641
0.339234 0.863501
Generation: 136
0.288616 0.900999
0.556935 0.758548
0.277106 0.925246
0.390346 0.831972
0.403539 0.822455
0.389277 0.833974
0.403892 0.822122
0.562866 0.75641
0.381808 0.839056
0.203551 0.972754
0.338423 0.863771
0.365247 0.845002
0.316567 0.870393
0.491612 0.787324
0.325642 0.864432
0.349428 0.85937
0.593201 0.720223
0.451038 0.796444
0.403617 0.822429
0.310825 0.879109
0.29042 0.900335
0.430016 0.803637
0.424658 0.808884
0.585458 0.725094
Generation: 137
0.401266 0.830811
0.37557 0.839824
0.491482 0.787481
0.390793 0.834363
0.285332 0.931065
0.305435 0.893625
0.365247 0.845002
0.303469 0.894087
0.348018 0.85873
0.438628 0.803406
0.336147 0.865002
0.372812 0.841008
0.313169 0.872672
0.592302 0.72345
0.393824 0.831005
0.28813 0.901058
0.517632 0.757026
0.402106 0.823161
0.338371 0.864857
Generation: 138
0.404779 0.826788
0.465841 0.780572
0.335289 0.864345
0.560905 0.757583
0.348018 0.85873
0.386331 0.837428
0.439013 0.81526
0.614749 0.725231
0.354454 0.851077
0.419406 0.817006
0.495447 0.777118
0.419391 0.823727
0.372812 0.841008
0.298131 0.898057
0.283739 0.901641
0.25436 0.918902
0.408425 0.826357
0.306741 0.884039
0.465714 0.802183
Generation: 139
0.355037 0.854968
0.312485 0.879656
0.349735 0.857561
0.457686 0.812053
0.385843 0.837579
0.393921 0.824482
0.423219 0.820983
0.489777 0.779149
0.310744 0.882093
0.37754 0.83845
0.370176 0.841195
0.494461 0.778137
0.25133 0.913842
0.369792 0.847189
0.561967 0.755669
0.386055 0.83586
0.39298 0.831218
0.325585 0.879617
0.343173 0.861844
0.437835 0.816906
Generation: 140
0.394934 0.830078
0.266597 0.916862
0.4065 0.826601
0.424392 0.811292
0.482204 0.771926
0.382467 0.831065
0.421085 0.820383
0.557471 0.755871
0.317009 0.874427
0.355068 0.85475
0.367971 0.842811
0.310704 0.876284
0.267351 0.909644
0.338303 0.862439
0.267413 0.899598
0.353078 0.85971
0.260358 0.917094
0.352732 0.861011
0.406533 0.824412
0.379167 0.837473
Generation: 141
0.2955 0.883451
0.412296 0.823617
0.295986 0.883052
0.367971 0.842811
0.310839 0.873725
0.350928 0.851926
0.417117 0.821572
0.403478 0.826375
0.357857 0.848089
0.424445 0.806024
0.266547 0.905522
0.254375 0.909074
0.33688 0.862501
0.384209 0.830375
Generation: 142
0.339505 0.860277
0.24293 0.92614
0.331699 0.866811
0.253704 0.909735
0.259407 0.9013
0.448335 0.802478
0.328512 0.871112
0.556958 0.745835
0.290154 0.882143
0.350928 0.851926
0.383444 0.841291
0.36867 0.842444
0.312927 0.875265
0.280104 0.8928
0.364587 0.844124
0.317671 0.87407
0.387905 0.82845
0.345709 0.858231
Generation: 143
0.261596 0.916687
0.313386 0.875194
0.258765 0.922621
0.387807 0.828511
0.448335 0.802478
0.290154 0.882143
0.446471 0.805065
0.333501 0.864327
0.350928 0.851926
0.379042 0.834147
0.547955 0.751924
0.322785 0.873906
0.360538 0.847155
0.33197 0.868855
0.312679 0.877668
0.36712 0.847077
0.509594 0.793667
0.375194 0.835623
0.405869 0.8152
0.272952 0.894004
0.367473 0.842991
Generation: 144
0.339919 0.860649
0.265044 0.937647
0.372935 0.83573
0.444888 0.806748
0.356782 0.855425
0.286668 0.915095
0.314485 0.87601
0.447116 0.80472
0.528842 0.749683
0.382979 0.832198
0.311903 0.87673
0.367473 0.842991
0.356939 0.850231
0.360529 0.84716
0.331161 0.868139
0.238759 0.96234
0.413455 0.813546
0.378315 0.835143
0.456622 0.797373
0.307525 0.885472
Generation: 145
0.250978 0.939608
0.401137 0.819579
0.751962 0.733661
0.369487 0.842619
0.321129 0.866468
0.37352 0.842306
0.421659 0.812554
0.466517 0.782525
0.374279 0.840061
0.379278 0.834667
0.226035 0.95851
0.307861 0.885409
0.378456 0.835184
0.342 0.857862
0.399473 0.831732
0.353127 0.856189
0.244876 0.944094
0.528753 0.756451
0.334016 0.864259
0.433189 0.811197
0.422333 0.811978
0.375568 0.837221
Generation: 146
0.21829 0.946821
0.752699 0.732983
0.275013 0.910794
0.537026 0.749441
0.407142 0.820158
0.365909 0.841706
0.751208 0.735228
0.462462 0.784473
0.438236 0.799729
0.421759 0.811768
0.321129 0.866468
0.317886 0.872079
0.443488 0.798116
0.307861 0.885409
0.399572 0.825284
0.4695 0.781318
0.269065 0.937455
0.370365 0.840276
0.347593 0.852724
0.31314 0.876347
0.331481 0.861401
0.317869 0.872738
0.379278 0.834667
Generation: 147
0.314459 0.873106
0.426077 0.80448
0.373169 0.83835
0.265449 0.938863
0.359153 0.851504
0.399572 0.825284
0.379324 0.835046
0.286857 0.892321
0.462462 0.784473
0.313863 0.88126
0.3423 0.861306
0.317932 0.8727
0.275442 0.93574
0.389204 0.830303
0.359499 0.848988
0.587194 0.734496
0.338611 0.862507
0.395925 0.829564
0.421753 0.811772
0.361562 0.843901
Generation: 148
0.323778 0.868606
0.417804 0.811116
0.359195 0.851463
0.318472 0.871486
0.292195 0.888537
0.270744 0.94367
0.332558 0.865378
0.558811 0.76416
0.39847 0.825702
0.28095 0.928472
0.38585 0.831504
0.3473 0.855063
0.313881 0.875105
0.392739 0.828196
0.403832 0.816734
0.425126 0.810575
0.44307 0.799352
0.375447 0.836175
0.444714 0.793712
0.382409 0.833939
0.588518 0.733146
0.239621 0.952903
0.389514 0.828221
0.361812 0.842988
Generation: 149
0.382314 0.833974
0.395372 0.824681
0.32649 0.870549
0.24901 0.92654
0.374142 0.838303
0.405399 0.819734
0.252728 0.925859
0.403519 0.822783
0.328227 0.869067
0.385365 0.828635
0.387576 0.828083
0.479657 0.780174
0.363106 0.847695
0.557757 0.752429
0.378273 0.834958
0.458038 0.784373
0.278217 0.923274
0.36287 0.850141
0.282098 0.888763
0.316841 0.872994
0.454029 0.784472
0.313817 0.87343
Generation: 150
0.347251 0.859025
0.371307 0.843185
0.524909 0.77437
0.321693 0.867498
0.396472 0.826674
0.31342 0.885656
0.376761 0.833116
0.458038 0.784373
0.319554 0.87104
0.349988 0.851274
0.414591 0.815828
0.319431 0.872551
0.254178 0.934315
0.453179 0.790252
0.33233 0.865993
0.389531 0.828759
0.323526 0.867463
0.385415 0.830378
0.407193 0.820459
0.285272 0.895197
Generation: 151
0.227174 0.926481
0.295953 0.898009
0.32081 0.871402
0.271957 0.903327
0.369101 0.848653
0.327861 0.865356
0.351059 0.852528
0.549623 0.733695
0.325345 0.865605
0.31056 0.8753
0.467809 0.785884
0.524909 0.77437
0.348196 0.858678
0.376761 0.833116
Generation: 152
0.414234 0.812938
0.258264 0.905221
0.271957 0.903327
0.413523 0.818974
0.444451 0.794431
0.543686 0.741114
0.516381 0.778995
0.324094 0.869088
0.370618 0.83938
0.228555 0.928919
0.351055 0.852529
0.351347 0.85204
0.382523 0.836202
0.369487 0.846185
0.404065 0.823023
0.316563 0.87287
0.297626 0.896906
Generation: 153
0.541752 0.743249
0.360049 0.847899
0.534178 0.745744
0.321549 0.870732
0.348023 0.854733
0.370618 0.83938
0.420834 0.813158
0.408074 0.815629
0.271957 0.903327
0.26139 0.931783
0.444373 0.794491
0.383291 0.838987
0.519981 0.777168
0.291493 0.892412
0.283976 0.902986
0.426594 0.806489
0.543686 0.741114
0.444353 0.794497
Generation: 154
0.42304 0.807764
0.30254 0.882463
0.528597 0.761113
0.383862 0.832363
0.449111 0.80582
0.325102 0.869303
0.333459 0.861399
0.320356 0.871118
0.318191 0.881929
0.454079 0.78896
0.480394 0.781841
0.536872 0.738657
0.34799 0.854749
0.366979 0.843812
0.514405 0.772423
0.29063 0.892876
0.231935 0.949772
0.285207 0.90093
Generation: 155
0.332876 0.864997
0.454079 0.78896
0.514671 0.761973
0.393421 0.829263
0.446518 0.79242
0.232374 0.950075
0.333091 0.861609
0.438146 0.8024
0.329678 0.875289
0.366956 0.843822
0.349268 0.853829
0.362909 0.849388
0.355375 0.849474
0.297742 0.891646
0.272941 0.896759
0.240594 0.925881
0.310271 0.875523
0.491631 0.785322
0.42304 0.807764
Generation: 156
0.416496 0.809831
0.285561 0.887601
0.394591 0.825793
0.376588 0.838716
0.32904 0.865296
0.443544 0.800897
0.475582 0.782359
0.255174 0.910158
0.345533 0.857274
0.515874 0.761246
0.311428 0.875043
0.421629 0.807232
0.19911 0.930775
0.367429 0.843483
0.382769 0.836957
0.516578 0.760147
Generation: 157
0.345129 0.861704
0.350577 0.856122
0.367334 0.845592
0.243277 0.912574
0.432384 0.802736
0.430079 0.803438
0.359754 0.849071
0.41345 0.813976
0.319286 0.868087
0.382997 0.843336
0.280775 0.889636
0.388777 0.833937
Generation: 158
0.39717 0.83186
0.382132 0.839626
0.417906 0.80945
0.359815 0.849036
0.446407 0.796026
0.481388 0.77935
0.398578 0.829287
0.267843 0.906235
0.318335 0.870403
0.341784 0.862333
0.434016 0.800569
0.499748 0.767559
0.363561 0.848097
0.388429 0.835845
0.359749 0.849072
0.217149 0.937189
0.339506 0.863007
0.420466 0.807428
0.41378 0.813634
0.352967 0.855138
0.367531 0.845521
0.377184 0.844602
0.470711 0.789
0.350705 0.85615
Generation: 159
0.375336 0.844917
0.247045 0.91922
0.392417 0.833731
0.420466 0.807428
0.417385 0.81049
0.312078 0.880087
0.383148 0.839973
0.26917 0.907434
0.400665 0.821425
0.359815 0.849036
0.403719 0.819264
0.363846 0.848115
0.551804 0.786903
0.288218 0.886349
0.376081 0.844817
0.367656 0.845523
0.358146 0.853889
0.354548 0.854344
0.338477 0.858172
0.445046 0.797037
0.383316 0.838875
0.388674 0.836782
Generation: 160
0.385115 0.836128
0.424428 0.805953
0.257087 0.910009
0.26917 0.907434
0.416294 0.812478
0.355254 0.851514
0.369622 0.845925
0.381602 0.840479
0.283023 0.884972
0.321406 0.869086
0.46005 0.791884
0.342265 0.859851
0.245961 0.919549
0.400327 0.825332
0.331065 0.866392
0.377579 0.844364
0.236026 0.937162
Generation: 161
0.278985 0.903928
0.388901 0.835083
0.378017 0.841388
0.390128 0.826384
0.473044 0.787747
0.429307 0.803363
0.326112 0.872756
0.237646 0.917378
0.282749 0.885122
0.360121 0.848077
0.380956 0.839582
0.350041 0.857063
0.26917 0.907434
0.418054 0.814276
0.268682 0.907503
0.336341 0.864103
0.414344 0.821715
0.313573 0.876246
0.592036 0.774243
0.272004 0.90626
Generation: 162
0.436001 0.796032
0.424433 0.805947
0.589331 0.777721
0.267781 0.908248
0.334459 0.868858
0.312894 0.876722
0.643796 0.719382
0.273759 0.905037
0.269701 0.907612
0.34808 0.856271
0.39054 0.826142
0.268362 0.907854
0.383866 0.836081
0.401099 0.82202
0.371024 0.843705
0.320693 0.872415
0.346178 0.859358
0.3033 0.890126
0.213815 0.928528
0.375005 0.839015
0.482852 0.793696
0.424664 0.805849
Generation: 163
0.589331 0.777721
0.316934 0.874505
0.30583 0.88185
0.428584 0.805256
0.310607 0.877014
0.373817 0.847797
0.258349 0.89828
0.384296 0.832427
0.424433 0.805947
0.436037 0.796011
0.214688 0.922001
0.255707 0.910759
0.345141 0.858683
0.375005 0.839015
0.310192 0.87841
0.383518 0.835958
0.346961 0.854353
0.605698 0.754899
0.217615 0.917814
Generation: 164
0.435682 0.796146
0.323492 0.872206
0.292218 0.887851
0.38062 0.832057
0.375005 0.839015
0.265186 0.892914
0.34448 0.859629
0.361318 0.84352
0.300436 0.882916
0.345071 0.855954
0.372696 0.842408
0.215643 0.918513
0.428616 0.805243
0.343999 0.861742
0.35919 0.849693
0.253565 0.915312
0.428682 0.802215
Generation: 165
0.29164 0.888086
0.417976 0.808353
0.245911 0.908442
0.260918 0.895233
0.348302 0.858115
0.211203 0.945252
0.453962 0.789299
0.235973 0.91537
0.389715 0.832277
0.284544 0.890073
0.340354 0.858196
0.399218 0.827189
0.382332 0.836451
0.369323 0.845558
0.375514 0.83863
0.319013 0.872437
Generation: 166
0.299847 0.881235
0.383238 0.837371
0.272356 0.896855
0.363539 0.848857
0.319012 0.872439
0.380228 0.839487
0.313151 0.874149
0.282862 0.887981
0.388751 0.828918
0.348302 0.858115
0.405566 0.822047
0.418323 0.808433
0.417888 0.808439
0.239423 0.914427
0.378503 0.842099
0.336715 0.864666
0.230889 0.915969
0.211863 0.944995
0.501875 0.761123
0.35411 0.854649
Generation: 167
0.443175 0.796921
0.278104 0.889687
0.302437 0.879617
0.246868 0.909137
0.345088 0.859931
0.285963 0.889497
0.435901 0.799352
0.405263 0.822726
0.369097 0.840685
0.267983 0.899808
0.403073 0.828485
0.501875 0.761123
0.565061 0.749022
0.352959 0.853041
0.524629 0.754554
0.273538 0.896022
0.347735 0.858395
0.239427 0.914427
0.211637 0.94279
0.351668 0.858177
0.501956 0.76104
0.41614 0.809859
0.36867 0.846236
Generation: 168
0.3635 0.851624
0.422282 0.805413
0.31685 0.884127
0.267689 0.899943
0.351042 0.853919
0.507627 0.758566
0.270827 0.896978
0.443175 0.796921
0.447614 0.794215
0.389706 0.82965
0.285963 0.889497
0.347811 0.858806
0.348398 0.858725
0.489956 0.77703
0.282831 0.890248
0.412804 0.811841
0.438795 0.799921
0.382947 0.842816
0.509616 0.754315
0.222781 0.939064
0.285949 0.889533
0.34709 0.859394
0.370286 0.842924
0.331572 0.866858
0.471132 0.786969
Generation: 169
0.37887 0.837975
0.412804 0.811841
0.272563 0.897786
0.379518 0.83382
0.311297 0.880783
0.438795 0.799922
0.508933 0.758553
0.466288 0.787367
0.491441 0.766976
0.350928 0.85685
0.28408 0.889835
0.32119 0.872601
0.233117 0.922299
0.27793 0.892171
0.460158 0.788286
0.466561 0.78379
0.249307 0.904999
Generation: 170
0.279439 0.888482
0.508033 0.75961
0.363687 0.849063
0.441869 0.79498
0.470608 0.785863
0.412717 0.811879
0.438793 0.799923
0.493669 0.775832
0.438701 0.799993
0.321807 0.872056
0.43674 0.801233
0.279184 0.894213
0.508933 0.758553
0.412067 0.825501
0.440361 0.799564
0.26687 0.903031
0.438795 0.799922
0.334996 0.861691
0.37894 0.83417
0.461093 0.787382
Generation: 171
0.323167 0.870927
0.264914 0.914725
0.626898 0.727123
0.298671 0.878431
0.451256 0.794561
0.282568 0.910538
0.336065 0.867233
0.473692 0.792605
0.505908 0.76017
0.428622 0.809022
0.495207 0.764899
0.440488 0.799638
0.412701 0.811896
0.372178 0.839243
0.335484 0.869042
0.356927 0.844115
Generation: 172
0.434508 0.804936
0.358782 0.850083
0.277195 0.912373
0.484939 0.769092
0.410098 0.817019
0.375932 0.835766
0.50726 0.752573
0.479876 0.778886
0.308107 0.882719
0.233896 0.956171
0.527442 0.737722
0.417889 0.816323
0.386972 0.829686
0.48995 0.767473
0.279518 0.908063
0.626898 0.727123
0.453898 0.801795
0.357858 0.851268
0.354293 0.852701
0.328931 0.867526
0.405759 0.829204
0.354271 0.859094
0.368964 0.847053
Generation: 173
0.652559 0.690086
0.377129 0.839156
0.354293 0.852701
0.366377 0.845144
0.625963 0.727941
0.405749 0.819671
0.626898 0.727123
0.362574 0.849734
0.483677 0.774743
0.326692 0.881895
0.246624 0.919294
0.292737 0.891392
0.495698 0.762474
0.274682 0.909468
0.258477 0.916285
0.49787 0.762369
0.495145 0.764907
0.468799 0.782714
0.387827 0.829466
0.279864 0.907884
Generation: 174
0.37195 0.842455
0.479958 0.784348
0.484388 0.769563
0.500933 0.755403
0.625963 0.727941
0.247771 0.917652
0.349318 0.860328
0.287963 0.887534
0.367199 0.846719
0.353867 0.851627
0.496061 0.763809
0.409748 0.817006
0.487379 0.767905
0.703846 0.704898
0.407528 0.819193
0.387006 0.829954
0.228006 0.942311
0.427983 0.806154
0.628203 0.725813
0.368441 0.842595
0.406679 0.820752
0.631608 0.720225
Generation: 175
0.625889 0.72804
0.405202 0.826888
0.295941 0.899567
0.645338 0.707894
0.427363 0.814383
0.498984 0.757363
0.480097 0.771958
0.356918 0.849963
0.457876 0.796349
0.484962 0.769892
0.247643 0.917935
0.493928 0.763797
0.641054 0.708726
0.434026 0.812185
0.633338 0.718398
0.511747 0.748329
0.435467 0.799977
0.376204 0.837505
0.483697 0.76991
0.41883 0.814618
Generation: 176
0.396144 0.829321
0.3667 0.843855
0.522708 0.741142
0.448986 0.79083
0.445788 0.793039
0.470011 0.784141
0.3968 0.823467
0.627629 0.723361
0.498192 0.758173
0.494095 0.760265
0.521201 0.741916
0.428071 0.809257
0.389375 0.842787
0.633338 0.718398
0.499832 0.755091
0.291725 0.899845
0.407589 0.822502
0.51247 0.745527
0.357778 0.874744
0.482805 0.771701
Generation: 177
0.519722 0.744145
0.380551 0.872499
0.517518 0.746628
0.429176 0.808612
0.369373 0.873314
0.496122 0.758062
0.335374 0.879594
0.504774 0.754197
0.495464 0.761012
0.413699 0.81819
0.4276 0.811574
0.246147 0.940731
0.473941 0.782195
0.44901 0.790913
0.331085 0.928065
0.38742 0.844875
0.390559 0.83648
0.539594 0.723442
0.432459 0.80602
0.451379 0.790187
0.500067 0.754899
Generation: 178
0.504774 0.754197
0.335374 0.879594
0.494833 0.761372
0.413699 0.81819
0.432459 0.80602
0.488787 0.76232
0.386122 0.8416
0.413486 0.818352
0.425741 0.810527
0.512368 0.746704
0.435288 0.803429
0.483902 0.770357
0.442611 0.794554
0.349028 0.858075
0.384435 0.856743
0.432244 0.808961
0.295683 0.899439
0.392206 0.835518
0.399069 0.827754
Generation: 179
0.268733 0.946735
0.413699 0.81819
0.494747 0.761538
0.480421 0.767054
0.346934 0.875356
0.378488 0.841037
0.492301 0.762845
0.335019 0.879865
0.359891 0.858307
0.638779 0.712791
0.401844 0.824654
0.423336 0.813733
0.435408 0.802695
0.349098 0.864065
0.432455 0.806018
0.305067 0.894772
0.475506 0.774523
0.37674 0.853121
Generation: 180
0.449031 0.793345
0.492301 0.762845
0.618423 0.734245
0.436145 0.796761
0.259994 0.943658
0.464076 0.780043
0.434851 0.805765
0.492308 0.762839
0.467752 0.776387
0.49284 0.759171
0.411272 0.816032
0.430564 0.807634
0.640738 0.706297
0.510418 0.755267
0.504552 0.755578
0.33095 0.872679
0.447435 0.79489
0.475738 0.774351
0.234152 0.960027
0.64042 0.711196
Generation: 181
0.439577 0.794176
0.436466 0.805141
0.464076 0.780043
0.438157 0.80483
0.335858 0.881063
0.329066 0.906469
0.254836 0.944507
0.405955 0.817575
0.627042 0.725697
0.468263 0.775985
0.37245 0.844367
0.474141 0.775398
0.502847 0.751839
0.617992 0.733955
0.345555 0.875253
0.458745 0.792564
0.485878 0.769228
0.423478 0.817367
0.47664 0.770208
0.461868 0.787168
Generation: 182
0.344459 0.87642
0.406837 0.827955
0.463926 0.783675
0.496212 0.759438
0.407551 0.827558
0.415412 0.810036
0.28953 0.923027
0.251745 0.942302
0.400314 0.833696
0.426239 0.803778
0.356434 0.871607
0.400466 0.833681
0.476183 0.770681
0.44151 0.803177
0.412673 0.812024
0.470415 0.779315
0.473097 0.773713
0.443107 0.800052
0.485878 0.769228
0.490931 0.765143
Generation: 183
0.413275 0.813358
0.741271 0.711253
0.493261 0.762346
0.441883 0.802783
0.481087 0.767075
0.478968 0.768278
0.421636 0.805758
0.474414 0.774833
0.384725 0.837489
0.200055 0.958365
0.28953 0.923027
0.364207 0.876315
0.338781 0.894129
0.486493 0.763058
0.445024 0.792947
0.472537 0.778527
0.466915 0.783791
0.686119 0.728778
0.393063 0.828038
0.44394 0.802404
0.38297 0.857025
Generation: 184
0.447451 0.792588
0.406494 0.83018
0.387699 0.844317
0.401902 0.832956
0.468687 0.784527
0.482404 0.766521
0.502846 0.756136
0.517538 0.752812
0.691583 0.719238
0.371124 0.852127
0.413939 0.81236
0.1939 0.960172
0.372206 0.847719
0.527398 0.734502
0.445024 0.792947
0.199701 0.958857
0.36539 0.866225
0.737604 0.713462
0.285328 0.923448
0.683537 0.730762
0.741271 0.711253
0.429796 0.808491
0.399609 0.841303
Generation: 185
0.204434 0.95909
0.468571 0.7779
0.413939 0.81236
0.429796 0.808491
0.209759 0.957342
0.35175 0.85828
0.255026 0.937738
0.476279 0.770233
0.186864 0.970645
0.513518 0.742714
0.453264 0.790398
0.454243 0.788527
0.345956 0.86793
0.334534 0.88914
0.646155 0.693984
0.37102 0.852577
0.23882 0.945048
0.403002 0.825779
Generation: 186
0.749392 0.697772
0.350697 0.865654
0.241739 0.940102
0.189356 0.969228
0.747 0.699023
0.429949 0.808409
0.513532 0.742702
0.454125 0.78859
0.480756 0.76693
0.412092 0.809846
0.453826 0.788799
0.43855 0.799515
0.409734 0.822827
0.233691 0.952546
0.399957 0.840484
0.279024 0.923417
0.310074 0.890639
0.466585 0.775991
0.341747 0.867818
Generation: 187
0.410693 0.810596
0.233503 0.95066
0.350697 0.865654
0.439312 0.798463
0.294123 0.899034
0.208864 0.952588
0.426612 0.806759
0.746369 0.699938
0.38453 0.850695
0.445872 0.791171
0.439755 0.794439
0.38588 0.847266
0.532375 0.731328
0.200889 0.968997
0.428778 0.802381
0.391574 0.845881
0.464458 0.78125
0.491719 0.761161
0.453171 0.786145
0.47993 0.767519
0.371051 0.859477
0.446 0.788179
0.469389 0.777941
Generation: 188
0.475531 0.7741
0.745515 0.702033
0.340914 0.876514
0.224088 0.955446
0.350697 0.865654
0.335058 0.897055
0.398791 0.831891
0.383635 0.853348
0.428657 0.802492
0.446 0.788179
0.422998 0.805197
0.413906 0.831766
0.202669 0.966174
0.395374 0.84912
0.737345 0.716431
0.482467 0.765808
0.384528 0.850702
0.350697 0.865654
0.433916 0.798705
0.233552 0.949517
0.258704 0.923622
0.488357 0.761153
0.470287 0.775849
0.436621 0.795982
0.373371 0.861911
0.415144 0.819319
Generation: 189
0.266414 0.916324
0.737669 0.715996
0.305579 0.90226
0.462509 0.777429
0.442258 0.793246
0.433145 0.797744
0.415472 0.827165
0.41879 0.818352
0.511065 0.746911
0.35919 0.85832
0.38364 0.857271
0.448606 0.791156
0.414747 0.831542
0.745481 0.702046
0.281849 0.913858
0.325151 0.876974
0.456386 0.785917
0.429587 0.807523
0.385129 0.85204
0.757475 0.695836
0.422137 0.816045
0.459586 0.78132
0.298393 0.907844
0.341167 0.876398
Generation: 190
0.447515 0.789838
0.339329 0.877247
0.5927 0.736691
0.37408 0.854567
0.461372 0.778213
0.303129 0.894473
0.432716 0.797251
0.507232 0.756481
0.215929 0.931814
0.54219 0.748565
0.214112 0.957238
0.279006 0.902343
0.242138 0.921198
0.401705 0.838609
0.42333 0.828098
0.262342 0.920488
0.42672 0.802106
0.487143 0.777713
0.35919 0.85832
Generation: 191
0.487421 0.777554
0.450878 0.793013
0.361467 0.863712
0.375433 0.840988
0.408115 0.831818
0.362042 0.857427
0.459552 0.78301
0.209799 0.956949
0.249876 0.911165
0.224283 0.943644
0.444481 0.802077
0.310489 0.878357
0.602626 0.743754
0.519926 0.744328
0.509119 0.751686
0.463488 0.780354
0.292515 0.887194
Generation: 192
0.510789 0.750477
0.41473 0.821248
0.341172 0.870646
0.3731 0.848993
0.292344 0.903409
0.358961 0.865429
0.288108 0.908211
0.212162 0.955973
0.297609 0.884546
0.430517 0.819162
0.297744 0.883628
0.499892 0.763822
0.392506 0.831168
0.730888 0.743628
0.256426 0.909604
0.457447 0.795421
0.245116 0.918175
Generation: 193
0.212351 0.955462
0.255882 0.910075
0.463718 0.792102
0.219279 0.948011
0.239572 0.915147
0.415938 0.830846
0.358843 0.850665
0.39194 0.831428
0.501572 0.762657
0.31928 0.869422
0.361115 0.850481
0.749678 0.71238
0.376679 0.848161
0.485676 0.767175
0.428095 0.807235
0.287138 0.907568
0.508726 0.757008
0.533489 0.739774
0.249723 0.91128
0.448423 0.801079
0.452103 0.797957
0.3889 0.84739
Generation: 194
0.292916 0.883812
0.219934 0.948055
0.488506 0.77105
0.448443 0.801092
0.49875 0.764993
0.277828 0.902635
0.239518 0.915139
0.238428 0.916816
0.358122 0.852874
0.473934 0.783449
0.345939 0.865157
0.507683 0.750588
0.212495 0.955467
0.50108 0.755445
0.404595 0.82855
0.253739 0.910929
0.391964 0.831551
0.457948 0.791667
0.451341 0.796591
0.262222 0.905403
Generation: 195
0.488764 0.771165
0.281794 0.898435
0.263137 0.904474
0.407394 0.818144
0.238651 0.944754
0.299003 0.890772
0.358122 0.852874
0.512096 0.758505
0.429723 0.816842
0.257782 0.910054
0.438876 0.80068
0.457948 0.791667
0.215097 0.948733
0.350176 0.860896
0.407288 0.829796
0.266629 0.900631
0.473205 0.774552
0.44971 0.797504
0.219934 0.948055
Generation: 196
0.253862 0.913767
0.225063 0.948484
0.401666 0.831084
0.304928 0.885825
0.374016 0.862011
0.496211 0.778805
0.427512 0.808119
0.541386 0.738514
0.299488 0.890545
0.507837 0.761798
0.262874 0.909183
0.276014 0.899025
0.282085 0.897564
0.445134 0.793854
0.461833 0.778925
0.377352 0.843131
0.281794 0.898435
0.350469 0.87104
0.281794 0.898435
0.298992 0.891183
0.311815 0.884156
0.518067 0.750725
Generation: 197
0.331989 0.875641
0.444866 0.794095
0.429696 0.806816
0.244392 0.949123
0.283906 0.896453
0.461833 0.778925
0.268115 0.901795
0.333609 0.868269
0.32077 0.879626
0.254567 0.918572
0.409969 0.827433
0.507844 0.761793
0.381578 0.838382
0.378616 0.851326
0.460338 0.792532
0.293913 0.888981
0.513477 0.753804
0.405275 0.831133
0.443666 0.796498
0.40132 0.831372
Generation: 198
0.235772 0.913786
0.461868 0.778901
0.413388 0.82509
0.43633 0.801982
0.414921 0.822746
0.369296 0.850258
0.434685 0.80998
0.37957 0.838301
0.35755 0.868896
0.440344 0.797295
0.424184 0.812336
0.327606 0.883671
0.460299 0.780114
0.375603 0.841101
0.296411 0.889752
0.25872 0.911956
0.490598 0.776984
0.464033 0.777824
0.331989 0.875641
0.436747 0.799986
Generation: 199
0.364069 0.851138
0.479005 0.769439
0.422139 0.808605
0.345099 0.860059
0.31971 0.874568
0.397114 0.827223
0.418945 0.811034
0.343013 0.869315
0.395481 0.833543
0.289148 0.896842
0.254567 0.918572
0.437061 0.801418
0.262514 0.900774
0.374811 0.841123
0.417037 0.818225
0.461121 0.790118
